logInt	palbo	ox	time	cellID	pepIndex
7.53211530737105	0	0	0	1	1
5.30444270189018	0	0	4	1	1
5.23777765190444	0	0	8	1	1
5.91219043208078	0	0	16	1	1
11.8311031983986	0	0	0	1	2
11.2306085379764	0	0	4	1	2
11.4439681949321	0	0	8	1	2
13.0099723354234	0	0	16	1	2
12.4621695787409	0	0	0	1	3
12.070870315752	0	0	4	1	3
11.1326057327183	0	0	8	1	3
13.5077242989359	0	0	16	1	3
11.2916977544159	0	0	0	1	4
9.47557796999883	0	0	4	1	4
11.1126333048934	0	0	8	1	4
9.4808929120296	0	0	16	1	4
2.82983573737827	0	0	0	1	5
4.1646701296642	0	0	4	1	5
3.96987920933739	0	0	8	1	5
3.63145579122661	0	0	16	1	5
7.96604841626264	0	0	0	1	6
10.9252219006867	0	0	4	1	6
7.12599914890431	0	0	8	1	6
7.74933506938108	0	0	16	1	6
1.67909444777765	0	0	0	1	7
2.84272617222701	0	0	4	1	7
1.3268818706384	0	0	8	1	7
1.54948805792009	0	0	16	1	7
9.06716805955298	0	0	0	1	8
10.3365237704807	0	0	4	1	8
10.6377970396537	0	0	8	1	8
9.25793184914259	0	0	16	1	8
8.73035988532878	0	0	0	2	1
6.78507888492883	0	0	4	2	1
7.01822390626203	0	0	8	2	1
8.1699042833575	0	0	16	2	1
15.1595067104907	0	0	0	2	2
13.4026342218318	0	0	4	2	2
12.5494439968859	0	0	8	2	2
13.6064791098933	0	0	16	2	2
12.6534768679854	0	0	0	2	3
14.9734816458342	0	0	4	2	3
14.0475874445302	0	0	8	2	3
13.917086261518	0	0	16	2	3
13.1606114008885	0	0	0	2	4
13.7793840683098	0	0	4	2	4
11.8331326381315	0	0	8	2	4
11.752527411228	0	0	16	2	4
5.44958520430339	0	0	0	2	5
4.7807961173116	0	0	4	2	5
6.86600703465823	0	0	8	2	5
5.41003391995489	0	0	16	2	5
9.6835409650084	0	0	0	2	6
9.8617335719027	0	0	4	2	6
10.3893423372127	0	0	8	2	6
10.7485308755018	0	0	16	2	6
4.18471761044318	0	0	0	2	7
6.34318950650281	0	0	4	2	7
4.4071600727383	0	0	8	2	7
4.73190953564113	0	0	16	2	7
13.2784346203017	0	0	0	2	8
11.1806567348967	0	0	4	2	8
11.5884592452541	0	0	8	2	8
11.7814996448475	0	0	16	2	8
9.66952943413404	0	0	0	3	1
9.61134162888964	0	0	4	3	1
8.14408049861876	0	0	8	3	1
9.09811624555231	0	0	16	3	1
14.7129182919058	0	0	0	3	2
17.3924105811989	0	0	4	3	2
16.2137076676577	0	0	8	3	2
16.1782554844966	0	0	16	3	2
15.77635054851	0	0	0	3	3
15.2715117219272	0	0	4	3	3
15.0869712142925	0	0	8	3	3
16.4197667176804	0	0	16	3	3
13.0602041662416	0	0	0	3	4
13.1439374929817	0	0	4	3	4
14.4004893036398	0	0	8	3	4
12.7809230297556	0	0	16	3	4
7.77846868647488	0	0	0	3	5
7.45440535114067	0	0	4	3	5
5.65278677676026	0	0	8	3	5
4.78477368512988	0	0	16	3	5
11.1194168534344	0	0	0	3	6
11.9911737709173	0	0	4	3	6
13.9045647854491	0	0	8	3	6
12.1685020912202	0	0	16	3	6
5.17729798428963	0	0	0	3	7
5.46687783153397	0	0	4	3	7
5.59842843384004	0	0	8	3	7
5.62959187219258	0	0	16	3	7
11.6625094244577	0	0	0	3	8
13.602615715669	0	0	4	3	8
11.6315714103707	0	0	8	3	8
14.396368688585	0	0	16	3	8
7.72631774023448	0	0	0	4	1
9.2864569653547	0	0	4	4	1
9.45110121285884	0	0	8	4	1
9.43222090979636	0	0	16	4	1
14.8700533347132	0	0	0	4	2
16.0190146044365	0	0	4	4	2
15.3758697823781	0	0	8	4	2
16.2056486704618	0	0	16	4	2
14.3040468674494	0	0	0	4	3
15.0526002500058	0	0	4	4	3
15.4520508396659	0	0	8	4	3
15.5247988490711	0	0	16	4	3
12.5305274698365	0	0	0	4	4
12.1080394571787	0	0	4	4	4
11.5317731355228	0	0	8	4	4
12.9257870490299	0	0	16	4	4
5.22274516361373	0	0	0	4	5
5.78015156624301	0	0	4	4	5
6.51625534819115	0	0	8	4	5
7.6610706571571	0	0	16	4	5
10.7227496233183	0	0	0	4	6
11.6088965610094	0	0	4	4	6
9.97055950228355	0	0	8	4	6
11.5687358623183	0	0	16	4	6
5.01610396835017	0	0	0	4	7
4.47848808847843	0	0	4	4	7
5.87097251988582	0	0	8	4	7
5.31716737775132	0	0	16	4	7
14.0000579893942	0	0	0	4	8
12.2089998553704	0	0	4	4	8
12.8720983683778	0	0	8	4	8
12.7880348935108	0	0	16	4	8
6.07287185968825	0	0	0	5	1
5.00538505504276	0	0	4	5	1
3.30024560906451	0	0	8	5	1
6.89462486303323	0	0	16	5	1
12.2190224932487	0	0	0	5	2
13.3360457428834	0	0	4	5	2
10.6554944820594	0	0	8	5	2
11.6595809743676	0	0	16	5	2
11.2453641824143	0	0	0	5	3
12.5864581086531	0	0	4	5	3
10.4526955595447	0	0	8	5	3
10.6609438386329	0	0	16	5	3
8.9313950835784	0	0	0	5	4
11.3320322890637	0	0	4	5	4
10.6502959092319	0	0	8	5	4
10.0401485627167	0	0	16	5	4
3.62237447149631	0	0	0	5	5
2.4362388805065	0	0	4	5	5
3.62063497035919	0	0	8	5	5
1.91518864955658	0	0	16	5	5
7.50858298507969	0	0	0	5	6
7.86434237210535	0	0	4	5	6
7.70802004317026	0	0	8	5	6
6.77936878237931	0	0	16	5	6
1.8439559746421	0	0	0	5	7
1.92831854375156	0	0	4	5	7
1.49312277175052	0	0	8	5	7
2.3201652671151	0	0	16	5	7
10.5483549746505	0	0	0	5	8
8.68222717263673	0	0	4	5	8
9.93658051983643	0	0	8	5	8
10.0324361503015	0	0	16	5	8
9.51271574578669	0	0	0	6	1
5.90190430709061	0	0	4	6	1
7.41538435638513	0	0	8	6	1
7.02056133232371	0	0	16	6	1
14.4453654271262	0	0	0	6	2
14.7133905362295	0	0	4	6	2
13.817439300979	0	0	8	6	2
13.8410526928786	0	0	16	6	2
13.8755309980989	0	0	0	6	3
12.6645964159317	0	0	4	6	3
14.9778121448141	0	0	8	6	3
12.7434559573292	0	0	16	6	3
11.9041009049561	0	0	0	6	4
11.3921240907516	0	0	4	6	4
11.7479877268704	0	0	8	6	4
12.5263426581325	0	0	16	6	4
4.91199540015284	0	0	0	6	5
5.40387910480629	0	0	4	6	5
5.05111909496405	0	0	8	6	5
6.08084257029783	0	0	16	6	5
10.9834391469123	0	0	0	6	6
10.2971875043362	0	0	4	6	6
10.2507447008627	0	0	8	6	6
9.62478740049254	0	0	16	6	6
3.10776492578546	0	0	0	6	7
4.07476634703243	0	0	4	6	7
3.63402493042754	0	0	8	6	7
5.64294196525478	0	0	16	6	7
14.0339609443298	0	0	0	6	8
12.6180130132488	0	0	4	6	8
12.016596904539	0	0	8	6	8
11.8767809756159	0	0	16	6	8
11.1444197895535	0	0	0	7	1
10.5817717031749	0	0	4	7	1
8.55737652461946	0	0	8	7	1
9.72221594568989	0	0	16	7	1
14.5119806472437	0	0	0	7	2
17.3692651193082	0	0	4	7	2
15.6944937390203	0	0	8	7	2
16.573827972549	0	0	16	7	2
14.0843372189287	0	0	0	7	3
16.7452695816215	0	0	4	7	3
16.5687735267201	0	0	8	7	3
15.4414310627519	0	0	16	7	3
14.0693586237412	0	0	0	7	4
13.738334056561	0	0	4	7	4
16.005980764314	0	0	8	7	4
14.2658457316125	0	0	16	7	4
8.18013151641253	0	0	0	7	5
6.71141064489255	0	0	4	7	5
9.20993753577767	0	0	8	7	5
6.68733467862793	0	0	16	7	5
10.9819255716512	0	0	0	7	6
9.90918274262681	0	0	4	7	6
12.5354158451674	0	0	8	7	6
14.5193159013596	0	0	16	7	6
6.67662963585165	0	0	0	7	7
6.24641808218713	0	0	4	7	7
5.80826618874426	0	0	8	7	7
5.44383361431008	0	0	16	7	7
13.193185843213	0	0	0	7	8
13.6000483445194	0	0	4	7	8
12.6488128390593	0	0	8	7	8
13.3585700203	0	0	16	7	8
7.17699064824553	0	0	0	8	1
6.08145867572244	0	0	4	8	1
6.95672243335271	0	0	8	8	1
5.2980531972923	0	0	16	8	1
11.7325832108659	0	0	0	8	2
11.9437563935385	0	0	4	8	2
11.484329795466	0	0	8	8	2
10.9746455836371	0	0	16	8	2
11.0854994479839	0	0	0	8	3
10.9941740607861	0	0	4	8	3
13.1621822928729	0	0	8	8	3
12.115804190579	0	0	16	8	3
10.3412821242199	0	0	0	8	4
11.0097430724156	0	0	4	8	4
9.18443537464931	0	0	8	8	4
9.85280624610723	0	0	16	8	4
4.28645620917073	0	0	0	8	5
4.69527837834811	0	0	4	8	5
4.46831389537314	0	0	8	8	5
3.17949847112267	0	0	16	8	5
8.976791101583	0	0	0	8	6
7.43105330517107	0	0	4	8	6
7.65464195365815	0	0	8	8	6
7.32428355486991	0	0	16	8	6
1.44444861327586	0	0	0	8	7
1.23210126252561	0	0	4	8	7
1.94834255605701	0	0	8	8	7
2.70956723537628	0	0	16	8	7
9.97460133637434	0	0	0	8	8
9.08086746016253	0	0	4	8	8
9.98605942131218	0	0	8	8	8
8.61377601867568	0	0	16	8	8
5.74564337858086	0	0	0	9	1
5.75968671674317	0	0	4	9	1
6.0186488629859	0	0	8	9	1
5.86964349559924	0	0	16	9	1
12.3020201160947	0	0	0	9	2
12.7979990755551	0	0	4	9	2
12.9453980206703	0	0	8	9	2
12.4314042885523	0	0	16	9	2
13.3759364433847	0	0	0	9	3
12.2711272006624	0	0	4	9	3
12.2843728194236	0	0	8	9	3
12.3840148317178	0	0	16	9	3
9.40115408325978	0	0	0	9	4
12.3527742857599	0	0	4	9	4
9.97669456055862	0	0	8	9	4
10.1046593903587	0	0	16	9	4
4.61854183826717	0	0	0	9	5
4.48219080058962	0	0	4	9	5
4.27174890081599	0	0	8	9	5
3.33435102097484	0	0	16	9	5
7.92125617315485	0	0	0	9	6
7.71809264103375	0	0	4	9	6
11.0197096709791	0	0	8	9	6
8.36020271599967	0	0	16	9	6
2.85346331018628	0	0	0	9	7
2.43066657045963	0	0	4	9	7
2.00572351120451	0	0	8	9	7
2.61159609473789	0	0	16	9	7
10.6240837533125	0	0	0	9	8
9.8412821462084	0	0	4	9	8
8.43564975102618	0	0	8	9	8
12.4534973656951	0	0	16	9	8
6.8412386934314	0	0	0	10	1
7.44068809874529	0	0	4	10	1
6.48100689904598	0	0	8	10	1
6.30263297449596	0	0	16	10	1
13.3659086816233	0	0	0	10	2
13.7491111150891	0	0	4	10	2
13.9329317906189	0	0	8	10	2
11.2508398077903	0	0	16	10	2
11.4109258030473	0	0	0	10	3
11.3804886502772	0	0	4	10	3
11.3689187641817	0	0	8	10	3
11.1689893415838	0	0	16	10	3
10.7481889139216	0	0	0	10	4
10.7813294381533	0	0	4	10	4
11.6912654609623	0	0	8	10	4
9.11766809144102	0	0	16	10	4
4.868881072129	0	0	0	10	5
3.36505766042752	0	0	4	10	5
4.95484140142457	0	0	8	10	5
4.68380371336687	0	0	16	10	5
8.40521035154357	0	0	0	10	6
8.00709939455504	0	0	4	10	6
6.86258299809639	0	0	8	10	6
8.05337631145017	0	0	16	10	6
1.84527295524971	0	0	0	10	7
2.4576449702969	0	0	4	10	7
2.48059410551757	0	0	8	10	7
2.16187146928092	0	0	16	10	7
9.42146059542758	0	0	0	10	8
10.1963722422082	0	0	4	10	8
9.84672380706109	0	0	8	10	8
9.87564367376647	0	0	16	10	8
6.68560389046527	0	0	0	11	1
7.17506560167696	0	0	4	11	1
6.66800238774623	0	0	8	11	1
5.75859116611132	0	0	16	11	1
12.129578045902	0	0	0	11	2
11.9145889942909	0	0	4	11	2
16.66570450244	0	0	8	11	2
12.9046942953709	0	0	16	11	2
13.1148780407338	0	0	0	11	3
11.8595342555524	0	0	4	11	3
11.2244975639783	0	0	8	11	3
12.1811340816458	0	0	16	11	3
11.0395878810443	0	0	0	11	4
10.3280885908561	0	0	4	11	4
14.0764179404429	0	0	8	11	4
12.230215594744	0	0	16	11	4
4.99734993697924	0	0	0	11	5
4.89972612961493	0	0	4	11	5
5.32260414787043	0	0	8	11	5
6.1021872575156	0	0	16	11	5
9.06652813555484	0	0	0	11	6
9.63845767762272	0	0	4	11	6
9.94782861317706	0	0	8	11	6
9.33843940872759	0	0	16	11	6
3.59329793997681	0	0	0	11	7
6.0893841607677	0	0	4	11	7
3.64647488224259	0	0	8	11	7
2.74491306319359	0	0	16	11	7
12.1680635023444	0	0	0	11	8
12.2779281154641	0	0	4	11	8
11.5458893087432	0	0	8	11	8
11.8031040861926	0	0	16	11	8
6.94383003079502	0	0	0	12	1
6.02366193655048	0	0	4	12	1
5.71840841134201	0	0	8	12	1
6.9976269481819	0	0	16	12	1
13.3085368631257	0	0	0	12	2
13.6910230885055	0	0	4	12	2
12.1266169577241	0	0	8	12	2
13.4692726032234	0	0	16	12	2
14.5472772108431	0	0	0	12	3
12.7261016269732	0	0	4	12	3
11.8012475688563	0	0	8	12	3
11.760200894513	0	0	16	12	3
12.2540853342007	0	0	0	12	4
10.9494605438244	0	0	4	12	4
10.5949073582412	0	0	8	12	4
10.1283887277411	0	0	16	12	4
3.2512459287304	0	0	0	12	5
4.84405391193913	0	0	4	12	5
5.27955714445252	0	0	8	12	5
3.06927335539109	0	0	16	12	5
10.0049350348385	0	0	0	12	6
7.44791993013381	0	0	4	12	6
9.2505983938765	0	0	8	12	6
7.87357803130371	0	0	16	12	6
3.92294834639299	0	0	0	12	7
2.70884339774637	0	0	4	12	7
2.1956724652026	0	0	8	12	7
3.39752747624791	0	0	16	12	7
9.89561827316095	0	0	0	12	8
10.5478252767188	0	0	4	12	8
9.96467493661397	0	0	8	12	8
9.397602276842	0	0	16	12	8
6.32979355366084	0	0	0	13	1
5.86983033720809	0	0	4	13	1
6.99006986366855	0	0	8	13	1
7.13883454111477	0	0	16	13	1
14.3712836937418	0	0	0	13	2
14.4867879666502	0	0	4	13	2
13.5172356617281	0	0	8	13	2
14.2137212305681	0	0	16	13	2
11.5157527291971	0	0	0	13	3
13.1185060219423	0	0	4	13	3
12.3707399438023	0	0	8	13	3
12.6832399666847	0	0	16	13	3
11.0581514841499	0	0	0	13	4
12.6988010251941	0	0	4	13	4
9.55353431593326	0	0	8	13	4
12.2870750694749	0	0	16	13	4
4.783021515656	0	0	0	13	5
5.49448318163872	0	0	4	13	5
5.60794675317316	0	0	8	13	5
4.54788905533879	0	0	16	13	5
8.25566431976628	0	0	0	13	6
9.92843814526805	0	0	4	13	6
11.8065438258977	0	0	8	13	6
10.4033865451536	0	0	16	13	6
4.65555126844878	0	0	0	13	7
4.13320319383385	0	0	4	13	7
2.95396082454371	0	0	8	13	7
4.28537884685968	0	0	16	13	7
11.0829743194105	0	0	0	13	8
13.761427267147	0	0	4	13	8
9.45199118603674	0	0	8	13	8
9.97353918514316	0	0	16	13	8
7.02133227380182	0	0	0	14	1
4.93705043064052	0	0	4	14	1
6.75192351424467	0	0	8	14	1
4.16335610979736	0	0	16	14	1
11.6988126855546	0	0	0	14	2
13.1312871789638	0	0	4	14	2
12.0181812120102	0	0	8	14	2
12.1156634400041	0	0	16	14	2
10.1668043741227	0	0	0	14	3
12.528711216758	0	0	4	14	3
11.9030714224662	0	0	8	14	3
12.4031588625446	0	0	16	14	3
10.3088940761362	0	0	0	14	4
10.0018573388586	0	0	4	14	4
11.5318585197264	0	0	8	14	4
8.53671521468062	0	0	16	14	4
5.603705501239	0	0	0	14	5
2.66421235016703	0	0	4	14	5
3.10596026955818	0	0	8	14	5
3.7624639344879	0	0	16	14	5
8.28858646965715	0	0	0	14	6
7.7578018456982	0	0	4	14	6
8.46963613087534	0	0	8	14	6
6.95516331452121	0	0	16	14	6
2.22810946301912	0	0	0	14	7
2.14430690869498	0	0	4	14	7
1.401074712634	0	0	8	14	7
2.7138983242094	0	0	16	14	7
11.4218497114927	0	0	0	14	8
10.3809528806894	0	0	4	14	8
9.53729083687398	0	0	8	14	8
10.3859836222606	0	0	16	14	8
8.10115464030725	0	0	0	15	1
7.66316521199734	0	0	4	15	1
8.61205667330281	0	0	8	15	1
6.4384750472784	0	0	16	15	1
15.4233383011258	0	0	0	15	2
15.1967284985065	0	0	4	15	2
14.7385246300933	0	0	8	15	2
15.142079646595	0	0	16	15	2
14.1771956518367	0	0	0	15	3
14.5553485459418	0	0	4	15	3
13.7473753006373	0	0	8	15	3
13.8894146057789	0	0	16	15	3
12.0298519166133	0	0	0	15	4
11.9559227659059	0	0	4	15	4
11.6660516037932	0	0	8	15	4
9.70350248927283	0	0	16	15	4
4.63140251061233	0	0	0	15	5
4.84405120811759	0	0	4	15	5
5.14806068510245	0	0	8	15	5
4.37258675798373	0	0	16	15	5
10.9441672547266	0	0	0	15	6
10.8673636941398	0	0	4	15	6
11.5553818084931	0	0	8	15	6
11.2217541459629	0	0	16	15	6
5.11452068963818	0	0	0	15	7
4.55755691235176	0	0	4	15	7
3.77169011937622	0	0	8	15	7
5.43934409676909	0	0	16	15	7
12.432571584569	0	0	0	15	8
9.97539871940931	0	0	4	15	8
11.5370394826453	0	0	8	15	8
9.71577367331173	0	0	16	15	8
8.31163745767896	0	0	0	16	1
7.37079328185268	0	0	4	16	1
7.76486460616001	0	0	8	16	1
7.81250663431517	0	0	16	16	1
15.2240103639028	0	0	0	16	2
15.2895426154537	0	0	4	16	2
14.1820324915754	0	0	8	16	2
16.2888050640498	0	0	16	16	2
16.1230000427973	0	0	0	16	3
14.9654230417165	0	0	4	16	3
14.6905909862205	0	0	8	16	3
14.4267831150604	0	0	16	16	3
13.532885640181	0	0	0	16	4
13.0565453874538	0	0	4	16	4
11.0438240834806	0	0	8	16	4
12.4509432182307	0	0	16	16	4
6.21190345940497	0	0	0	16	5
5.73659553610648	0	0	4	16	5
3.91433224699679	0	0	8	16	5
4.96847479016877	0	0	16	16	5
9.80587755297614	0	0	0	16	6
12.2308638231233	0	0	4	16	6
9.01712217434923	0	0	8	16	6
10.7211466865863	0	0	16	16	6
4.78124524588112	0	0	0	16	7
5.04880040997832	0	0	4	16	7
4.84720168635064	0	0	8	16	7
4.51066437477608	0	0	16	16	7
12.5875853191188	0	0	0	16	8
12.7170843379775	0	0	4	16	8
13.4565322794129	0	0	8	16	8
13.9886999745482	0	0	16	16	8
7.89496533404072	0	0	0	17	1
7.88630183939413	0	0	4	17	1
8.28464974404817	0	0	8	17	1
7.77683547536725	0	0	16	17	1
15.7050859677745	0	0	0	17	2
13.1621700875125	0	0	4	17	2
14.8014602397357	0	0	8	17	2
14.9583968259427	0	0	16	17	2
12.1121047177031	0	0	0	17	3
14.5463268547178	0	0	4	17	3
12.4384630384761	0	0	8	17	3
14.1062331669847	0	0	16	17	3
12.654468603671	0	0	0	17	4
13.0432104734267	0	0	4	17	4
12.7114710218319	0	0	8	17	4
11.9388893614902	0	0	16	17	4
6.14898111473427	0	0	0	17	5
5.57226912948462	0	0	4	17	5
5.76431881377682	0	0	8	17	5
6.35928308193827	0	0	16	17	5
10.4616173759552	0	0	0	17	6
10.2577299227623	0	0	4	17	6
10.1671366129126	0	0	8	17	6
10.7381004697894	0	0	16	17	6
3.36484772083399	0	0	0	17	7
4.69004797826256	0	0	4	17	7
3.48794143701137	0	0	8	17	7
3.75551457603921	0	0	16	17	7
12.9753833949246	0	0	0	17	8
12.7472686799118	0	0	4	17	8
13.7023220998757	0	0	8	17	8
11.2529173217316	0	0	16	17	8
4.47321025584315	0	0	0	18	1
5.61701092900723	0	0	4	18	1
5.14026846935557	0	0	8	18	1
5.83462985290551	0	0	16	18	1
10.9807844001439	0	0	0	18	2
11.1866345711804	0	0	4	18	2
11.8367814660599	0	0	8	18	2
11.7014957974895	0	0	16	18	2
9.67730552773389	0	0	0	18	3
10.6682502171217	0	0	4	18	3
10.9912705096826	0	0	8	18	3
10.8006613266554	0	0	16	18	3
9.38581039265261	0	0	0	18	4
9.32158244490552	0	0	4	18	4
8.90152737867815	0	0	8	18	4
8.97680400124039	0	0	16	18	4
2.99589221485838	0	0	0	18	5
1.71398578129477	0	0	4	18	5
3.32673429840131	0	0	8	18	5
3.87630589142534	0	0	16	18	5
6.08494402302523	0	0	0	18	6
8.88076303389778	0	0	4	18	6
8.45898512814336	0	0	8	18	6
8.78348866004908	0	0	16	18	6
0.239066868830571	0	0	0	18	7
1.33048006247328	0	0	4	18	7
1.17130272918939	0	0	8	18	7
-0.0337961482920337	0	0	16	18	7
9.46517859853731	0	0	0	18	8
10.0486369722104	0	0	4	18	8
10.6447627423631	0	0	8	18	8
9.06472184740599	0	0	16	18	8
8.80513892083742	0	0	0	19	1
7.67965108923092	0	0	4	19	1
7.63899300127898	0	0	8	19	1
5.12962857563707	0	0	16	19	1
14.8465137778218	0	0	0	19	2
15.8155559388289	0	0	4	19	2
12.9810623992844	0	0	8	19	2
13.5006929814012	0	0	16	19	2
13.7441358319726	0	0	0	19	3
13.7797784746644	0	0	4	19	3
13.041101210367	0	0	8	19	3
12.4649567253951	0	0	16	19	3
11.3924518451119	0	0	0	19	4
12.8824770066689	0	0	4	19	4
11.7576840634121	0	0	8	19	4
12.0194777955239	0	0	16	19	4
7.62091137231084	0	0	0	19	5
3.03251424199904	0	0	4	19	5
6.63540432526761	0	0	8	19	5
4.01230855235624	0	0	16	19	5
10.3090073498238	0	0	0	19	6
8.42143090095655	0	0	4	19	6
9.44889512948777	0	0	8	19	6
8.84326455602702	0	0	16	19	6
3.50151131718742	0	0	0	19	7
1.48598831351758	0	0	4	19	7
4.64135636768847	0	0	8	19	7
5.20807411523754	0	0	16	19	7
10.4465615998892	0	0	0	19	8
13.0737642075294	0	0	4	19	8
11.2089040843239	0	0	8	19	8
11.782462902253	0	0	16	19	8
4.67568026324362	0	0	0	20	1
5.53089841515933	0	0	4	20	1
6.21332744715275	0	0	8	20	1
5.05383542630939	0	0	16	20	1
13.0598402889803	0	0	0	20	2
14.1298181613914	0	0	4	20	2
11.0391118976649	0	0	8	20	2
12.2392278123339	0	0	16	20	2
11.3339565911862	0	0	0	20	3
11.7167971849868	0	0	4	20	3
12.5384794894913	0	0	8	20	3
8.56133325242499	0	0	16	20	3
9.78373127828895	0	0	0	20	4
7.60599899197796	0	0	4	20	4
11.7636277284953	0	0	8	20	4
10.3428296456386	0	0	16	20	4
3.76199108117227	0	0	0	20	5
1.64292751405223	0	0	4	20	5
2.80995604742507	0	0	8	20	5
4.32841761291072	0	0	16	20	5
7.22730717476073	0	0	0	20	6
9.96137098831821	0	0	4	20	6
6.78399188221733	0	0	8	20	6
8.24636880405993	0	0	16	20	6
0.536974650319218	0	0	0	20	7
1.98808241462043	0	0	4	20	7
2.16223100656674	0	0	8	20	7
2.6627792258816	0	0	16	20	7
11.1244246713318	0	0	0	20	8
7.86129670098667	0	0	4	20	8
10.2258309737971	0	0	8	20	8
10.7469830284635	0	0	16	20	8
8.08556165585695	0	0	0	21	1
8.01846943061715	0	0	4	21	1
7.30628838090859	0	0	8	21	1
8.54717492067533	0	0	16	21	1
14.5051116432095	0	0	0	21	2
14.3685152441839	0	0	4	21	2
15.7094592797558	0	0	8	21	2
14.4259309340863	0	0	16	21	2
12.8723158134229	0	0	0	21	3
14.6136756502642	0	0	4	21	3
13.5913546881358	0	0	8	21	3
13.3183708055632	0	0	16	21	3
13.1897007180311	0	0	0	21	4
12.6549623122703	0	0	4	21	4
13.1289639517392	0	0	8	21	4
13.1665964332472	0	0	16	21	4
5.26790095836235	0	0	0	21	5
7.93796130493859	0	0	4	21	5
6.0673184725513	0	0	8	21	5
6.61434213610029	0	0	16	21	5
11.3610322289862	0	0	0	21	6
11.2575945448266	0	0	4	21	6
11.6767897465425	0	0	8	21	6
12.4541555458883	0	0	16	21	6
3.45374664014057	0	0	0	21	7
7.21694369776981	0	0	4	21	7
5.0072085326367	0	0	8	21	7
6.4203000159078	0	0	16	21	7
11.5856226039631	0	0	0	21	8
12.2288360087686	0	0	4	21	8
12.8641648049794	0	0	8	21	8
12.7888991915578	0	0	16	21	8
7.52042900781132	0	0	0	22	1
5.81710368705583	0	0	4	22	1
7.29283269754741	0	0	8	22	1
7.2683101322251	0	0	16	22	1
14.6562077363639	0	0	0	22	2
12.4643429486503	0	0	4	22	2
12.9627233430265	0	0	8	22	2
14.9079735653318	0	0	16	22	2
13.380983482482	0	0	0	22	3
15.1264213362159	0	0	4	22	3
12.2580260888352	0	0	8	22	3
12.2535586169007	0	0	16	22	3
10.8143393302689	0	0	0	22	4
14.0104855857044	0	0	4	22	4
10.879151889806	0	0	8	22	4
11.6710426164909	0	0	16	22	4
3.86917312804799	0	0	0	22	5
5.50601920543614	0	0	4	22	5
4.70753660720699	0	0	8	22	5
5.71594489434419	0	0	16	22	5
10.5634544094421	0	0	0	22	6
8.92547235700388	0	0	4	22	6
11.3171956709625	0	0	8	22	6
8.94474247418623	0	0	16	22	6
4.64199337245722	0	0	0	22	7
4.64992484725956	0	0	4	22	7
4.67873917294002	0	0	8	22	7
2.88356475092148	0	0	16	22	7
12.7776661115094	0	0	0	22	8
11.8343901886264	0	0	4	22	8
10.436682698848	0	0	8	22	8
10.738343671768	0	0	16	22	8
8.65989197954353	0	0	0	23	1
7.4876697107607	0	0	4	23	1
7.30175387902182	0	0	8	23	1
9.44200052123412	0	0	16	23	1
15.9992663615293	0	0	0	23	2
15.6433928952941	0	0	4	23	2
13.849166445035	0	0	8	23	2
14.1283989068059	0	0	16	23	2
14.5433891978592	0	0	0	23	3
15.349072378918	0	0	4	23	3
12.5964975467981	0	0	8	23	3
13.9874573834688	0	0	16	23	3
13.1768251773516	0	0	0	23	4
12.9638171890007	0	0	4	23	4
13.6633581549434	0	0	8	23	4
13.8920157982852	0	0	16	23	4
6.57403339353042	0	0	0	23	5
4.79318589649811	0	0	4	23	5
5.06574265953428	0	0	8	23	5
4.74639986718824	0	0	16	23	5
8.44766205277235	0	0	0	23	6
10.867017815445	0	0	4	23	6
9.95333823020001	0	0	8	23	6
9.01735183471018	0	0	16	23	6
3.48942929416983	0	0	0	23	7
4.57294983967617	0	0	4	23	7
4.89724164146312	0	0	8	23	7
2.66736238045282	0	0	16	23	7
11.7012242386347	0	0	0	23	8
11.6796684180632	0	0	4	23	8
11.7333016638862	0	0	8	23	8
12.2243506848839	0	0	16	23	8
6.37628625975771	0	0	0	24	1
6.80709142526877	0	0	4	24	1
7.11914263478039	0	0	8	24	1
6.29532214911455	0	0	16	24	1
13.7368228110204	0	0	0	24	2
12.4437407584987	0	0	4	24	2
12.6265379228256	0	0	8	24	2
14.4150011394104	0	0	16	24	2
12.1467283840486	0	0	0	24	3
11.2407934706349	0	0	4	24	3
12.8840135338688	0	0	8	24	3
13.3607207094527	0	0	16	24	3
11.8441873564026	0	0	0	24	4
10.3181481021964	0	0	4	24	4
10.459198715117	0	0	8	24	4
10.5728300355362	0	0	16	24	4
1.37913061796707	0	0	0	24	5
4.97239252633576	0	0	4	24	5
5.49250749958291	0	0	8	24	5
6.77629018957771	0	0	16	24	5
9.52031597390718	0	0	0	24	6
9.45209184495431	0	0	4	24	6
9.78703022331369	0	0	8	24	6
9.3335781023118	0	0	16	24	6
2.742608536823	0	0	0	24	7
3.7015325536015	0	0	4	24	7
3.39938108698406	0	0	8	24	7
4.69399991000488	0	0	16	24	7
12.5922382600727	0	0	0	24	8
11.2113859764284	0	0	4	24	8
10.9601262826488	0	0	8	24	8
11.6855171674129	0	0	16	24	8
6.96673017237077	0	0	0	25	1
5.95130229958983	0	0	4	25	1
5.74938213437824	0	0	8	25	1
7.61068554967934	0	0	16	25	1
15.0826030364141	0	0	0	25	2
13.6767431339146	0	0	4	25	2
13.7917696149007	0	0	8	25	2
12.6475098307791	0	0	16	25	2
13.6252718638923	0	0	0	25	3
15.0310584576621	0	0	4	25	3
13.691192514641	0	0	8	25	3
13.9908156121517	0	0	16	25	3
12.6747873348077	0	0	0	25	4
11.8008120539418	0	0	4	25	4
13.0394355205687	0	0	8	25	4
11.4799963663315	0	0	16	25	4
4.86357904893563	0	0	0	25	5
5.3251703425551	0	0	4	25	5
5.62170604120609	0	0	8	25	5
4.87219798060267	0	0	16	25	5
10.53242110545	0	0	0	25	6
10.4396055354032	0	0	4	25	6
11.7496822553659	0	0	8	25	6
9.14141136256002	0	0	16	25	6
3.44320468917828	0	0	0	25	7
3.06387081934633	0	0	4	25	7
4.47787356497757	0	0	8	25	7
4.27426019107287	0	0	16	25	7
12.4003444037817	0	0	0	25	8
10.2988873336666	0	0	4	25	8
11.9674252293682	0	0	8	25	8
11.4118033456573	0	0	16	25	8
11.8213046449378	1	0	0	26	1
11.788577097423	1	0	4	26	1
12.8837999027792	1	0	8	26	1
11.7140182586604	1	0	16	26	1
18.100541522114	1	0	0	26	2
18.6464307300703	1	0	4	26	2
18.6998378526591	1	0	8	26	2
19.6343316579286	1	0	16	26	2
17.6936793969416	1	0	0	26	3
17.103269732658	1	0	4	26	3
18.5653236135124	1	0	8	26	3
17.3309689760003	1	0	16	26	3
15.0149256848528	1	0	0	26	4
16.4127320230397	1	0	4	26	4
15.4487776441455	1	0	8	26	4
13.9541722918422	1	0	16	26	4
9.97822232930329	1	0	0	26	5
9.04789994549347	1	0	4	26	5
9.26512613964848	1	0	8	26	5
10.0889634558027	1	0	16	26	5
14.0946596566683	1	0	0	26	6
15.9452423197003	1	0	4	26	6
13.8528704375643	1	0	8	26	6
14.0818081805354	1	0	16	26	6
8.13226338610212	1	0	0	26	7
8.26331386247814	1	0	4	26	7
7.92361802195602	1	0	8	26	7
6.96041365685261	1	0	16	26	7
16.2003244160528	1	0	0	26	8
15.3580383127857	1	0	4	26	8
16.6752244302803	1	0	8	26	8
14.7004901970208	1	0	16	26	8
13.1371137925246	1	0	0	27	1
12.2045858619602	1	0	4	27	1
15.2675534669846	1	0	8	27	1
12.4389193723809	1	0	16	27	1
20.997527476992	1	0	0	27	2
20.8929228610388	1	0	4	27	2
19.3059735995049	1	0	8	27	2
17.4500175804314	1	0	16	27	2
20.4836718692583	1	0	0	27	3
20.8685991088491	1	0	4	27	3
18.6726117877216	1	0	8	27	3
18.3565919877784	1	0	16	27	3
16.4060944889758	1	0	0	27	4
18.6611973165053	1	0	4	27	4
17.4658043219187	1	0	8	27	4
16.5256125713974	1	0	16	27	4
10.6786059295007	1	0	0	27	5
10.2349920454077	1	0	4	27	5
9.90787604039603	1	0	8	27	5
12.019703763102	1	0	16	27	5
15.4867393740342	1	0	0	27	6
14.0311102703386	1	0	4	27	6
15.2887803806472	1	0	8	27	6
16.1685124852497	1	0	16	27	6
9.09568977771279	1	0	0	27	7
8.5534051529681	1	0	4	27	7
11.0206110913893	1	0	8	27	7
8.51201834043535	1	0	16	27	7
16.5955122397808	1	0	0	27	8
16.748247034847	1	0	4	27	8
16.2009481179297	1	0	8	27	8
17.415367827878	1	0	16	27	8
12.2002533148227	1	0	0	28	1
12.7075484189848	1	0	4	28	1
13.7931418556183	1	0	8	28	1
12.1785399568225	1	0	16	28	1
20.4695622338911	1	0	0	28	2
17.5591792503615	1	0	4	28	2
20.8933555700383	1	0	8	28	2
19.789884314705	1	0	16	28	2
17.6542450933203	1	0	0	28	3
18.7599570896812	1	0	4	28	3
18.687965216533	1	0	8	28	3
17.9719390805555	1	0	16	28	3
17.3532430165391	1	0	0	28	4
16.7003247776993	1	0	4	28	4
17.9964266774839	1	0	8	28	4
18.7712348084666	1	0	16	28	4
10.2685348515347	1	0	0	28	5
11.4932264133219	1	0	4	28	5
9.38947327020635	1	0	8	28	5
11.6516934068923	1	0	16	28	5
15.5188092015739	1	0	0	28	6
14.8968845811317	1	0	4	28	6
15.4638290680326	1	0	8	28	6
16.7383527475161	1	0	16	28	6
9.59430579238332	1	0	0	28	7
10.3262460019627	1	0	4	28	7
10.774435070743	1	0	8	28	7
8.81204900337062	1	0	16	28	7
17.8417809083998	1	0	0	28	8
15.3901408368307	1	0	4	28	8
17.0066932475441	1	0	8	28	8
19.2210615762912	1	0	16	28	8
11.2481957836039	1	0	0	29	1
12.5746820609621	1	0	4	29	1
10.4328329403244	1	0	8	29	1
11.8169118592116	1	0	16	29	1
18.2948388647514	1	0	0	29	2
19.3636456962551	1	0	4	29	2
17.8643402893601	1	0	8	29	2
16.7617511208423	1	0	16	29	2
16.5470885265919	1	0	0	29	3
15.530382942033	1	0	4	29	3
16.8055563257778	1	0	8	29	3
17.0067083876493	1	0	16	29	3
14.8583052135762	1	0	0	29	4
16.0969473791956	1	0	4	29	4
17.0204558004448	1	0	8	29	4
15.309251128648	1	0	16	29	4
9.19352732581919	1	0	0	29	5
7.73128377720208	1	0	4	29	5
7.65982546714563	1	0	8	29	5
9.3232167446028	1	0	16	29	5
12.4544623158518	1	0	0	29	6
12.1787296982048	1	0	4	29	6
15.419977034095	1	0	8	29	6
13.8518950156645	1	0	16	29	6
9.00377411868815	1	0	0	29	7
7.99632220524753	1	0	4	29	7
7.21953468721676	1	0	8	29	7
8.7472853836482	1	0	16	29	7
16.8104752335223	1	0	0	29	8
16.3772884054766	1	0	4	29	8
15.7903376007263	1	0	8	29	8
14.7492101216597	1	0	16	29	8
12.0987018158076	1	0	0	30	1
13.1103338662901	1	0	4	30	1
11.478007212538	1	0	8	30	1
13.0504637452026	1	0	16	30	1
19.137528662543	1	0	0	30	2
20.3532586348599	1	0	4	30	2
18.5365574574436	1	0	8	30	2
21.0485808000263	1	0	16	30	2
17.8539768486529	1	0	0	30	3
18.6693272241224	1	0	4	30	3
20.548878655393	1	0	8	30	3
17.318747507617	1	0	16	30	3
16.7670231231905	1	0	0	30	4
16.9531646899081	1	0	4	30	4
16.7301905898359	1	0	8	30	4
17.9066022598987	1	0	16	30	4
12.1106323348354	1	0	0	30	5
11.0048143384598	1	0	4	30	5
9.85455641014278	1	0	8	30	5
9.92200528914191	1	0	16	30	5
15.0627698183078	1	0	0	30	6
14.9313527916587	1	0	4	30	6
14.5969466599586	1	0	8	30	6
15.6685752852486	1	0	16	30	6
9.49194074078304	1	0	0	30	7
8.95381666878672	1	0	4	30	7
8.73094079618575	1	0	8	30	7
8.9865301443533	1	0	16	30	7
17.6830808043398	1	0	0	30	8
16.3952095777342	1	0	4	30	8
17.3362692661085	1	0	8	30	8
19.248428474869	1	0	16	30	8
12.2420437579119	1	0	0	31	1
12.7075370782699	1	0	4	31	1
12.3256330120674	1	0	8	31	1
11.7995181324239	1	0	16	31	1
21.2299558587063	1	0	0	31	2
19.2211795293325	1	0	4	31	2
19.3741887829795	1	0	8	31	2
18.4149963240728	1	0	16	31	2
19.9628405382393	1	0	0	31	3
18.7974735785113	1	0	4	31	3
20.6286897215515	1	0	8	31	3
20.3193023457201	1	0	16	31	3
17.6522568398825	1	0	0	31	4
17.5300190066089	1	0	4	31	4
18.6998621790944	1	0	8	31	4
16.8112995598703	1	0	16	31	4
10.8486437703547	1	0	0	31	5
10.3238433522267	1	0	4	31	5
11.6649307572262	1	0	8	31	5
11.546415584063	1	0	16	31	5
15.505712465925	1	0	0	31	6
13.9421708509679	1	0	4	31	6
16.1207466612309	1	0	8	31	6
15.5098860856101	1	0	16	31	6
9.55415331881277	1	0	0	31	7
10.6610668106644	1	0	4	31	7
9.15366047409484	1	0	8	31	7
9.46375560191914	1	0	16	31	7
17.1510415462869	1	0	0	31	8
16.600833451195	1	0	4	31	8
17.4397901824235	1	0	8	31	8
15.3927458999881	1	0	16	31	8
12.6391200173016	1	0	0	32	1
11.8642985698386	1	0	4	32	1
10.4999454509709	1	0	8	32	1
13.0329500783357	1	0	16	32	1
20.9286613581706	1	0	0	32	2
17.9553829738835	1	0	4	32	2
19.4879346673609	1	0	8	32	2
21.2713292903973	1	0	16	32	2
18.2709309492277	1	0	0	32	3
17.4303548498753	1	0	4	32	3
19.1875249788014	1	0	8	32	3
18.9179834598619	1	0	16	32	3
17.5828542323699	1	0	0	32	4
17.559186514745	1	0	4	32	4
17.0207156902779	1	0	8	32	4
16.4676020916071	1	0	16	32	4
11.6598480649406	1	0	0	32	5
8.78619756267972	1	0	4	32	5
10.5440503663407	1	0	8	32	5
11.4441635037888	1	0	16	32	5
13.0563583760415	1	0	0	32	6
14.3521399222686	1	0	4	32	6
14.7844178073731	1	0	8	32	6
16.4366873505839	1	0	16	32	6
8.56733381537772	1	0	0	32	7
9.69439439270714	1	0	4	32	7
9.34028600946527	1	0	8	32	7
8.55029170618019	1	0	16	32	7
16.316551409349	1	0	0	32	8
15.3137958042605	1	0	4	32	8
15.5900870937599	1	0	8	32	8
17.5459813368862	1	0	16	32	8
10.052522189884	1	0	0	33	1
11.6649526097328	1	0	4	33	1
10.9969254507635	1	0	8	33	1
10.2721491804406	1	0	16	33	1
16.5886956028661	1	0	0	33	2
15.9620261220163	1	0	4	33	2
17.8493265358242	1	0	8	33	2
17.4098240718422	1	0	16	33	2
15.5474580566942	1	0	0	33	3
17.6300917564573	1	0	4	33	3
15.241161098038	1	0	8	33	3
17.866133700668	1	0	16	33	3
15.8973622725555	1	0	0	33	4
14.8644937178882	1	0	4	33	4
16.9799616701426	1	0	8	33	4
15.9518050781986	1	0	16	33	4
8.0604786087301	1	0	0	33	5
8.06607421220881	1	0	4	33	5
9.45837404033098	1	0	8	33	5
9.45362545148066	1	0	16	33	5
12.6169717547679	1	0	0	33	6
14.0901522947193	1	0	4	33	6
12.7074142251117	1	0	8	33	6
15.2224406798402	1	0	16	33	6
6.5710067078753	1	0	0	33	7
8.58428456260907	1	0	4	33	7
7.39944834442957	1	0	8	33	7
7.28362714224148	1	0	16	33	7
14.9282717891926	1	0	0	33	8
15.1027415355766	1	0	4	33	8
15.3423363933598	1	0	8	33	8
13.8471343011362	1	0	16	33	8
10.6543943196002	1	0	0	34	1
10.9199875391496	1	0	4	34	1
9.0720240329093	1	0	8	34	1
11.770040042465	1	0	16	34	1
16.0550328883154	1	0	0	34	2
16.3476201266303	1	0	4	34	2
15.5824157608405	1	0	8	34	2
17.4808357401951	1	0	16	34	2
16.6357418040939	1	0	0	34	3
16.9125002960635	1	0	4	34	3
18.6399422481893	1	0	8	34	3
17.5313389791169	1	0	16	34	3
16.1736206923474	1	0	0	34	4
16.0991459366947	1	0	4	34	4
13.2058651690921	1	0	8	34	4
14.6295617955657	1	0	16	34	4
8.39498078407406	1	0	0	34	5
8.57151220682615	1	0	4	34	5
8.28154621539945	1	0	8	34	5
6.74444220588729	1	0	16	34	5
10.9700104783815	1	0	0	34	6
13.673266256413	1	0	4	34	6
14.2392888633182	1	0	8	34	6
12.4410913001346	1	0	16	34	6
6.61461646894153	1	0	0	34	7
6.8279972475499	1	0	4	34	7
7.89124242297002	1	0	8	34	7
6.39959676826151	1	0	16	34	7
14.7805931431102	1	0	0	34	8
14.6903777587156	1	0	4	34	8
14.728189539006	1	0	8	34	8
13.5407105060041	1	0	16	34	8
13.1409184230523	1	0	0	35	1
14.0295795962406	1	0	4	35	1
11.8084535360729	1	0	8	35	1
12.9392895133234	1	0	16	35	1
18.8960039180989	1	0	0	35	2
19.0577245739296	1	0	4	35	2
20.5617853151104	1	0	8	35	2
20.0244144824569	1	0	16	35	2
19.3806271650455	1	0	0	35	3
19.336313304756	1	0	4	35	3
19.8223380553782	1	0	8	35	3
19.5475819816514	1	0	16	35	3
17.5409364196385	1	0	0	35	4
18.547534810092	1	0	4	35	4
19.5309845298156	1	0	8	35	4
18.1414898926997	1	0	16	35	4
11.718716375984	1	0	0	35	5
11.0482897469295	1	0	4	35	5
11.5710043993571	1	0	8	35	5
11.5296172576592	1	0	16	35	5
16.6510082222221	1	0	0	35	6
16.0205404715663	1	0	4	35	6
15.5334120759809	1	0	8	35	6
15.5980906972881	1	0	16	35	6
9.11182330650531	1	0	0	35	7
9.06091368316632	1	0	4	35	7
9.8019252049839	1	0	8	35	7
11.2434884319174	1	0	16	35	7
18.1845708978923	1	0	0	35	8
19.1038336642235	1	0	4	35	8
18.1742493239763	1	0	8	35	8
17.50732943335	1	0	16	35	8
14.2528762519709	1	0	0	36	1
13.2461333357144	1	0	4	36	1
14.1694675142694	1	0	8	36	1
13.3372109977232	1	0	16	36	1
20.377355120702	1	0	0	36	2
20.8020842893752	1	0	4	36	2
19.1116408873334	1	0	8	36	2
20.0050060871964	1	0	16	36	2
18.4751298330273	1	0	0	36	3
17.79407129538	1	0	4	36	3
18.3601709752035	1	0	8	36	3
19.745810512818	1	0	16	36	3
18.1057292827037	1	0	0	36	4
17.2139731182182	1	0	4	36	4
17.9178564126235	1	0	8	36	4
17.781552556764	1	0	16	36	4
10.2109806365779	1	0	0	36	5
12.3708490626904	1	0	4	36	5
11.9307908752724	1	0	8	36	5
10.0337287464376	1	0	16	36	5
16.9477565369269	1	0	0	36	6
14.526344695442	1	0	4	36	6
15.5238979404023	1	0	8	36	6
17.115258985654	1	0	16	36	6
9.86742690930624	1	0	0	36	7
8.65704602018809	1	0	4	36	7
8.05892432936845	1	0	8	36	7
8.36410566208139	1	0	16	36	7
17.3902346293469	1	0	0	36	8
18.9871459154657	1	0	4	36	8
17.6095705331574	1	0	8	36	8
17.4201456098099	1	0	16	36	8
9.13220409488596	1	0	0	37	1
12.2055158687031	1	0	4	37	1
12.4188901309381	1	0	8	37	1
11.1950757447196	1	0	16	37	1
16.8780409534039	1	0	0	37	2
19.2539276072955	1	0	4	37	2
18.0250282172011	1	0	8	37	2
16.2788172160251	1	0	16	37	2
18.2332047769432	1	0	0	37	3
16.6585006910565	1	0	4	37	3
20.2645861532712	1	0	8	37	3
17.4881310291377	1	0	16	37	3
16.5061480293367	1	0	0	37	4
15.7569438109315	1	0	4	37	4
15.1296217613271	1	0	8	37	4
15.708890187384	1	0	16	37	4
9.58645513410957	1	0	0	37	5
10.2280986389238	1	0	4	37	5
9.52870484620222	1	0	8	37	5
8.79592327518825	1	0	16	37	5
15.5708635641482	1	0	0	37	6
15.6485440676184	1	0	4	37	6
11.9005925222788	1	0	8	37	6
12.689558758349	1	0	16	37	6
7.85292230311576	1	0	0	37	7
7.23586790574047	1	0	4	37	7
5.62867835986489	1	0	8	37	7
6.89826285804644	1	0	16	37	7
15.2831655515775	1	0	0	37	8
16.711941440653	1	0	4	37	8
16.6365267708016	1	0	8	37	8
18.0350177727771	1	0	16	37	8
11.551745245586	1	0	0	38	1
12.7937702561577	1	0	4	38	1
12.0645804446604	1	0	8	38	1
12.1943127146181	1	0	16	38	1
18.765461758736	1	0	0	38	2
18.8391281816078	1	0	4	38	2
19.3793465892966	1	0	8	38	2
19.9136637845886	1	0	16	38	2
17.4992150172781	1	0	0	38	3
17.8804987601558	1	0	4	38	3
17.6017316636751	1	0	8	38	3
18.636197052077	1	0	16	38	3
17.5613328523084	1	0	0	38	4
16.346217978936	1	0	4	38	4
17.8692660980244	1	0	8	38	4
18.4891042119249	1	0	16	38	4
8.79861257533706	1	0	0	38	5
10.0571622398838	1	0	4	38	5
10.7957822583195	1	0	8	38	5
10.1899634233847	1	0	16	38	5
14.9428283110489	1	0	0	38	6
17.0370847160284	1	0	4	38	6
13.8495800421144	1	0	8	38	6
13.6905439476935	1	0	16	38	6
8.55385923507687	1	0	0	38	7
9.1483544148756	1	0	4	38	7
9.14054120157497	1	0	8	38	7
9.29966765280737	1	0	16	38	7
17.0434534743096	1	0	0	38	8
16.5328777198122	1	0	4	38	8
16.9676218761281	1	0	8	38	8
16.1754794825152	1	0	16	38	8
14.2838690301036	1	0	0	39	1
12.084296712982	1	0	4	39	1
11.5234549704495	1	0	8	39	1
12.5008153888998	1	0	16	39	1
19.5701367376254	1	0	0	39	2
21.190537973116	1	0	4	39	2
20.1273859094529	1	0	8	39	2
20.5866246872387	1	0	16	39	2
20.4529340936891	1	0	0	39	3
18.4982406350166	1	0	4	39	3
19.4159307991457	1	0	8	39	3
21.0867207030837	1	0	16	39	3
18.7273274011821	1	0	0	39	4
17.7525821536207	1	0	4	39	4
18.4885297525172	1	0	8	39	4
18.9850741899175	1	0	16	39	4
11.8966023644214	1	0	0	39	5
9.91382507696319	1	0	4	39	5
9.07561081569602	1	0	8	39	5
9.5242318797422	1	0	16	39	5
15.7904066418297	1	0	0	39	6
17.910811362915	1	0	4	39	6
14.8611537816484	1	0	8	39	6
16.0760805332135	1	0	16	39	6
10.1973952201269	1	0	0	39	7
9.80347244902874	1	0	4	39	7
9.55323027127452	1	0	8	39	7
10.4797148958556	1	0	16	39	7
16.7979786466163	1	0	0	39	8
17.7667678215634	1	0	4	39	8
18.9190859867704	1	0	8	39	8
17.7627923511244	1	0	16	39	8
12.3524349663799	1	0	0	40	1
13.1954193990729	1	0	4	40	1
13.7745932637516	1	0	8	40	1
14.8496285532718	1	0	16	40	1
21.7735971608688	1	0	0	40	2
20.0579351177113	1	0	4	40	2
16.8261577542806	1	0	8	40	2
20.3923038128751	1	0	16	40	2
18.5197273107994	1	0	0	40	3
19.0707336962253	1	0	4	40	3
19.5475664009297	1	0	8	40	3
18.8520004369274	1	0	16	40	3
17.8105172164939	1	0	0	40	4
17.4837870727943	1	0	4	40	4
18.7074308190898	1	0	8	40	4
19.6246660879563	1	0	16	40	4
9.20117572800163	1	0	0	40	5
10.3099455678107	1	0	4	40	5
11.7495392422333	1	0	8	40	5
13.4317799654084	1	0	16	40	5
14.2801253760119	1	0	0	40	6
15.4047054324732	1	0	4	40	6
16.1315577059793	1	0	8	40	6
16.8118348411962	1	0	16	40	6
12.2223435631073	1	0	0	40	7
6.87467751928527	1	0	4	40	7
9.982740150418	1	0	8	40	7
10.9101327372561	1	0	16	40	7
15.4430938856188	1	0	0	40	8
15.7155623946001	1	0	4	40	8
17.4758264859686	1	0	8	40	8
17.0253350817322	1	0	16	40	8
11.854633618318	1	0	0	41	1
12.8926290664007	1	0	4	41	1
11.2998099577182	1	0	8	41	1
10.904192115371	1	0	16	41	1
19.4907808134662	1	0	0	41	2
19.6137567934063	1	0	4	41	2
16.9668735331015	1	0	8	41	2
18.3703414215752	1	0	16	41	2
16.9445351629131	1	0	0	41	3
16.6869179152216	1	0	4	41	3
18.7301768073985	1	0	8	41	3
18.6161559906933	1	0	16	41	3
18.2833665340605	1	0	0	41	4
16.4210676484238	1	0	4	41	4
16.5361928467259	1	0	8	41	4
16.4173826434689	1	0	16	41	4
8.89139456508285	1	0	0	41	5
9.08191729411855	1	0	4	41	5
9.75219582791494	1	0	8	41	5
10.555390800969	1	0	16	41	5
12.4258315958895	1	0	0	41	6
13.0201241416165	1	0	4	41	6
14.7064766295181	1	0	8	41	6
14.6269044229691	1	0	16	41	6
7.49348806404864	1	0	0	41	7
8.2666065028042	1	0	4	41	7
7.78744056559086	1	0	8	41	7
9.62622469079479	1	0	16	41	7
14.5791019571322	1	0	0	41	8
16.1891722180274	1	0	4	41	8
15.2362017614411	1	0	8	41	8
15.1531444562349	1	0	16	41	8
14.4677800638001	1	0	0	42	1
12.5320299287914	1	0	4	42	1
13.9604211419595	1	0	8	42	1
12.5829269184448	1	0	16	42	1
20.2616635056096	1	0	0	42	2
19.1759604398373	1	0	4	42	2
19.9958554130779	1	0	8	42	2
20.5381943609359	1	0	16	42	2
19.5818445248729	1	0	0	42	3
18.8617551812132	1	0	4	42	3
18.1678333660336	1	0	8	42	3
19.0496665395964	1	0	16	42	3
18.2494904160878	1	0	0	42	4
15.6521635734595	1	0	4	42	4
18.5536022334941	1	0	8	42	4
18.4179580031739	1	0	16	42	4
11.174812823518	1	0	0	42	5
10.1165776163851	1	0	4	42	5
9.385867232561	1	0	8	42	5
13.2344787343815	1	0	16	42	5
15.3831912518676	1	0	0	42	6
13.0000778133129	1	0	4	42	6
15.2985018566432	1	0	8	42	6
14.6841314088107	1	0	16	42	6
10.1889299515986	1	0	0	42	7
9.13230782463727	1	0	4	42	7
9.29585469199802	1	0	8	42	7
9.56644149092657	1	0	16	42	7
17.0716655969613	1	0	0	42	8
17.3318940907568	1	0	4	42	8
16.3207273286862	1	0	8	42	8
17.0386220291369	1	0	16	42	8
12.0022119602547	1	0	0	43	1
12.7901387351062	1	0	4	43	1
12.3489465479101	1	0	8	43	1
12.7834708061387	1	0	16	43	1
20.0379851342672	1	0	0	43	2
19.702472595025	1	0	4	43	2
18.811385192372	1	0	8	43	2
18.1433729908127	1	0	16	43	2
18.4233538592786	1	0	0	43	3
18.1848729847667	1	0	4	43	3
18.7617514783922	1	0	8	43	3
17.4074524485158	1	0	16	43	3
18.4952341477593	1	0	0	43	4
16.1507909710918	1	0	4	43	4
17.9694760953678	1	0	8	43	4
19.1742488899413	1	0	16	43	4
11.4856755385035	1	0	0	43	5
10.5531281025029	1	0	4	43	5
8.22960727572656	1	0	8	43	5
11.5289929910161	1	0	16	43	5
16.4025420733092	1	0	0	43	6
16.6782468804354	1	0	4	43	6
16.37019338925	1	0	8	43	6
16.4776464317939	1	0	16	43	6
8.85818669694908	1	0	0	43	7
8.31249151764019	1	0	4	43	7
8.45599847047946	1	0	8	43	7
8.1172581779379	1	0	16	43	7
17.6652204209481	1	0	0	43	8
16.3198532066174	1	0	4	43	8
17.7946974494172	1	0	8	43	8
15.6683702690446	1	0	16	43	8
11.4866047855101	1	0	0	44	1
11.883899669502	1	0	4	44	1
9.88734074155801	1	0	8	44	1
10.6043649933503	1	0	16	44	1
17.8522814854472	1	0	0	44	2
17.4611501521297	1	0	4	44	2
16.3405241283467	1	0	8	44	2
16.3061092556978	1	0	16	44	2
17.6140407227658	1	0	0	44	3
19.3259124591091	1	0	4	44	3
19.6777712276404	1	0	8	44	3
16.9049543921682	1	0	16	44	3
17.7015591122931	1	0	0	44	4
17.0052574833467	1	0	4	44	4
14.7610893794794	1	0	8	44	4
16.4768478988411	1	0	16	44	4
9.09157322627332	1	0	0	44	5
8.96096462758476	1	0	4	44	5
9.45255906437535	1	0	8	44	5
8.00275301257608	1	0	16	44	5
15.6418091627308	1	0	0	44	6
13.1267053372322	1	0	4	44	6
13.7776946058969	1	0	8	44	6
14.5306979285721	1	0	16	44	6
7.0209683769155	1	0	0	44	7
10.0354498623783	1	0	4	44	7
6.89365079192251	1	0	8	44	7
7.76729546863642	1	0	16	44	7
15.1079641227105	1	0	0	44	8
16.0512386056654	1	0	4	44	8
16.8464845365884	1	0	8	44	8
15.5217485019521	1	0	16	44	8
12.9925943908909	1	0	0	45	1
11.9676053410907	1	0	4	45	1
12.7181200145932	1	0	8	45	1
13.9152496745103	1	0	16	45	1
18.3920194674625	1	0	0	45	2
17.4865630761891	1	0	4	45	2
18.8035633308236	1	0	8	45	2
19.1368535334623	1	0	16	45	2
19.7497684907483	1	0	0	45	3
19.336274803325	1	0	4	45	3
17.8964338870406	1	0	8	45	3
17.88051747264	1	0	16	45	3
17.9955189181247	1	0	0	45	4
15.3290411780198	1	0	4	45	4
16.7443825869234	1	0	8	45	4
17.8993037970774	1	0	16	45	4
11.9769678588347	1	0	0	45	5
12.0101581260397	1	0	4	45	5
11.6395936861479	1	0	8	45	5
9.91188766001097	1	0	16	45	5
13.9068655659811	1	0	0	45	6
16.08194560413	1	0	4	45	6
14.6176316277239	1	0	8	45	6
14.6175570008193	1	0	16	45	6
8.86720567708216	1	0	0	45	7
8.67077042089103	1	0	4	45	7
7.13513983974561	1	0	8	45	7
7.75886069320781	1	0	16	45	7
14.3665831254389	1	0	0	45	8
17.0423913422589	1	0	4	45	8
17.0455757184167	1	0	8	45	8
15.4197563226996	1	0	16	45	8
10.2689227379436	1	0	0	46	1
12.4057243961167	1	0	4	46	1
10.4960122289045	1	0	8	46	1
10.6914751707169	1	0	16	46	1
18.6877920955925	1	0	0	46	2
18.7101071419854	1	0	4	46	2
19.1823980379232	1	0	8	46	2
19.0808143141019	1	0	16	46	2
17.971299202242	1	0	0	46	3
16.8929498875522	1	0	4	46	3
18.7897119718795	1	0	8	46	3
19.3039701005678	1	0	16	46	3
15.7687315999176	1	0	0	46	4
16.4884066237215	1	0	4	46	4
17.5254639394991	1	0	8	46	4
16.5074577651356	1	0	16	46	4
10.9114016073797	1	0	0	46	5
9.25431711251221	1	0	4	46	5
9.90171501266128	1	0	8	46	5
9.45230584472425	1	0	16	46	5
14.8789842752208	1	0	0	46	6
14.0745535572675	1	0	4	46	6
14.9718001607635	1	0	8	46	6
15.4802771257413	1	0	16	46	6
8.72442217433416	1	0	0	46	7
6.72796898801652	1	0	4	46	7
8.3075770004077	1	0	8	46	7
9.59663410409294	1	0	16	46	7
14.8361981108137	1	0	0	46	8
15.8606893426409	1	0	4	46	8
16.0049410747505	1	0	8	46	8
15.0709330920166	1	0	16	46	8
13.5345687418609	1	0	0	47	1
10.8015571268105	1	0	4	47	1
11.0659256675277	1	0	8	47	1
11.4232872686777	1	0	16	47	1
17.6463877445314	1	0	0	47	2
17.8235421991814	1	0	4	47	2
17.418179927771	1	0	8	47	2
18.4550127693365	1	0	16	47	2
16.8168827929608	1	0	0	47	3
19.2242746106213	1	0	4	47	3
19.3925824392815	1	0	8	47	3
17.9279835445654	1	0	16	47	3
16.5212462230102	1	0	0	47	4
14.9913966979681	1	0	4	47	4
13.9338415062702	1	0	8	47	4
17.4840743092742	1	0	16	47	4
10.2158949558471	1	0	0	47	5
7.00450869272034	1	0	4	47	5
11.1682883701372	1	0	8	47	5
9.14711988348328	1	0	16	47	5
15.1407393519475	1	0	0	47	6
13.207678271842	1	0	4	47	6
12.6260484504558	1	0	8	47	6
13.5874943408369	1	0	16	47	6
8.40956269624331	1	0	0	47	7
8.78152216264991	1	0	4	47	7
7.7716016778008	1	0	8	47	7
6.65599949075869	1	0	16	47	7
16.3951657571658	1	0	0	47	8
15.8110004900504	1	0	4	47	8
19.2704821845102	1	0	8	47	8
14.5170506821566	1	0	16	47	8
12.386767169521	1	0	0	48	1
10.9144127074954	1	0	4	48	1
11.5019692298319	1	0	8	48	1
11.8141665783124	1	0	16	48	1
18.4551212950529	1	0	0	48	2
19.2340837246333	1	0	4	48	2
19.7446914467128	1	0	8	48	2
18.5758435547452	1	0	16	48	2
18.7271038938016	1	0	0	48	3
18.1024804056452	1	0	4	48	3
19.139784615142	1	0	8	48	3
17.2040593877463	1	0	16	48	3
16.3832044921179	1	0	0	48	4
16.9404720591623	1	0	4	48	4
17.7852303196173	1	0	8	48	4
16.5543397011595	1	0	16	48	4
10.2039410773949	1	0	0	48	5
10.2455104949755	1	0	4	48	5
12.1295392193032	1	0	8	48	5
8.90016034397455	1	0	16	48	5
14.8621746309549	1	0	0	48	6
15.4953908144952	1	0	4	48	6
13.7892618598603	1	0	8	48	6
14.7569473810731	1	0	16	48	6
8.34807510934426	1	0	0	48	7
9.65018544937687	1	0	4	48	7
7.08581993999885	1	0	8	48	7
8.58963939886693	1	0	16	48	7
16.1257558513937	1	0	0	48	8
16.1087496825512	1	0	4	48	8
16.7399147680902	1	0	8	48	8
17.0660137943238	1	0	16	48	8
12.478854659871	1	0	0	49	1
12.7778699907588	1	0	4	49	1
13.5921812171465	1	0	8	49	1
12.875376480405	1	0	16	49	1
19.2440358545316	1	0	0	49	2
19.0449001217783	1	0	4	49	2
19.418910883359	1	0	8	49	2
17.7971873406831	1	0	16	49	2
19.7896504463921	1	0	0	49	3
19.9998158133396	1	0	4	49	3
18.5529273472041	1	0	8	49	3
18.4147440421936	1	0	16	49	3
19.2197573577525	1	0	0	49	4
17.0414901996492	1	0	4	49	4
19.5367438278102	1	0	8	49	4
15.8056046567251	1	0	16	49	4
10.3832877056674	1	0	0	49	5
12.8854935236743	1	0	4	49	5
11.9754520808551	1	0	8	49	5
11.3944871962548	1	0	16	49	5
15.0425022017601	1	0	0	49	6
14.5892133507129	1	0	4	49	6
16.1004977471405	1	0	8	49	6
13.8593871359575	1	0	16	49	6
10.0543576368769	1	0	0	49	7
10.1604354763959	1	0	4	49	7
8.50292293881724	1	0	8	49	7
10.822658857153	1	0	16	49	7
17.4636999624286	1	0	0	49	8
17.6995609864762	1	0	4	49	8
18.9748700770245	1	0	8	49	8
17.8741991246043	1	0	16	49	8
13.3858179445393	1	0	0	50	1
11.6101004089252	1	0	4	50	1
13.7572376168708	1	0	8	50	1
12.8386243082614	1	0	16	50	1
17.5452869170093	1	0	0	50	2
19.9559302201626	1	0	4	50	2
19.2807540080868	1	0	8	50	2
18.2597417762238	1	0	16	50	2
17.2613149364678	1	0	0	50	3
18.3547491656867	1	0	4	50	3
18.5404314874907	1	0	8	50	3
18.9801623771363	1	0	16	50	3
18.7002445681604	1	0	0	50	4
17.0806301688459	1	0	4	50	4
16.7393734903356	1	0	8	50	4
17.2699063281621	1	0	16	50	4
9.51598787393768	1	0	0	50	5
8.43697196781587	1	0	4	50	5
8.77179934507774	1	0	8	50	5
9.67202270041376	1	0	16	50	5
15.8368464867873	1	0	0	50	6
15.142778636893	1	0	4	50	6
14.1744832946113	1	0	8	50	6
16.1395918860634	1	0	16	50	6
9.05897092591908	1	0	0	50	7
8.15787899938505	1	0	4	50	7
9.84943603741979	1	0	8	50	7
9.35323631923401	1	0	16	50	7
15.3462472351932	1	0	0	50	8
17.4180310544491	1	0	4	50	8
17.1192893239541	1	0	8	50	8
15.8002385746437	1	0	16	50	8
7.50767074191388	0	1	0	51	1
5.83620287611206	0	1	4	51	1
6.96073163426171	0	1	8	51	1
5.81219839835947	0	1	16	51	1
14.431578773568	0	1	0	51	2
13.3263486227497	0	1	4	51	2
12.1960907954544	0	1	8	51	2
12.1574256679428	0	1	16	51	2
13.3100157240599	0	1	0	51	3
11.9687908229154	0	1	4	51	3
12.2878893320206	0	1	8	51	3
13.7257929522003	0	1	16	51	3
11.8720157133503	0	1	0	51	4
13.6018380237973	0	1	4	51	4
12.8162991093161	0	1	8	51	4
10.3235583350288	0	1	16	51	4
3.90841629870411	0	1	0	51	5
3.24439885672362	0	1	4	51	5
4.0685741145413	0	1	8	51	5
2.46651704022678	0	1	16	51	5
8.33416444396653	0	1	0	51	6
10.5985299435481	0	1	4	51	6
9.12732740689741	0	1	8	51	6
7.30042425166362	0	1	16	51	6
3.41142485061569	0	1	0	51	7
2.7603839832238	0	1	4	51	7
2.76583367323197	0	1	8	51	7
1.10318114693505	0	1	16	51	7
11.964265701581	0	1	0	51	8
11.3345516091671	0	1	4	51	8
11.0314505351882	0	1	8	51	8
9.73927391087953	0	1	16	51	8
5.63905907725308	0	1	0	52	1
5.91928414760257	0	1	4	52	1
5.0046867215035	0	1	8	52	1
6.57616848373708	0	1	16	52	1
10.6438313479627	0	1	0	52	2
12.3614650443005	0	1	4	52	2
12.7944797203587	0	1	8	52	2
12.9014749211903	0	1	16	52	2
11.8843249927232	0	1	0	52	3
11.2155966809037	0	1	4	52	3
12.4587769269024	0	1	8	52	3
9.2446012455991	0	1	16	52	3
11.7104362677213	0	1	0	52	4
11.0498027267281	0	1	4	52	4
9.73558420831914	0	1	8	52	4
10.4570534390345	0	1	16	52	4
4.03564884919399	0	1	0	52	5
2.61650885245366	0	1	4	52	5
4.10466156994303	0	1	8	52	5
3.29703319852376	0	1	16	52	5
7.50776941425782	0	1	0	52	6
10.5786616402913	0	1	4	52	6
8.31563985745151	0	1	8	52	6
6.86415139492126	0	1	16	52	6
2.11299311306899	0	1	0	52	7
2.62332135471264	0	1	4	52	7
0.503965315654387	0	1	8	52	7
1.2617251901425	0	1	16	52	7
11.4442005013912	0	1	0	52	8
10.8861477610893	0	1	4	52	8
8.35612222213751	0	1	8	52	8
9.31593728124542	0	1	16	52	8
8.75043508755357	0	1	0	53	1
6.60250430102884	0	1	4	53	1
7.47903589011386	0	1	8	53	1
5.20160654062262	0	1	16	53	1
13.2353186012508	0	1	0	53	2
15.2800862198698	0	1	4	53	2
11.9158980236833	0	1	8	53	2
11.5392749302005	0	1	16	53	2
12.752248649409	0	1	0	53	3
11.4967150525495	0	1	4	53	3
14.030198957053	0	1	8	53	3
12.6011404414609	0	1	16	53	3
11.4261913888826	0	1	0	53	4
10.2845798222406	0	1	4	53	4
11.6610435586851	0	1	8	53	4
11.5701288677875	0	1	16	53	4
5.06394712830354	0	1	0	53	5
3.64310050087782	0	1	4	53	5
3.5931439108823	0	1	8	53	5
3.51919447052797	0	1	16	53	5
8.41676488689943	0	1	0	53	6
8.75970239163932	0	1	4	53	6
10.0136295537664	0	1	8	53	6
9.9337082686613	0	1	16	53	6
3.15745610811368	0	1	0	53	7
4.59164496600039	0	1	4	53	7
3.49993934353105	0	1	8	53	7
2.48841821184572	0	1	16	53	7
13.2265296871391	0	1	0	53	8
11.8122801678796	0	1	4	53	8
9.56501677985609	0	1	8	53	8
10.5975960679149	0	1	16	53	8
6.25842934155563	0	1	0	54	1
6.69785977529489	0	1	4	54	1
5.47733155814116	0	1	8	54	1
6.25856596952255	0	1	16	54	1
13.2821839089125	0	1	0	54	2
13.9131636742514	0	1	4	54	2
14.2679693629577	0	1	8	54	2
12.7615212711127	0	1	16	54	2
14.6446264691051	0	1	0	54	3
13.10317401124	0	1	4	54	3
12.6973768329356	0	1	8	54	3
13.2870589860431	0	1	16	54	3
11.4301216671729	0	1	0	54	4
10.3671021721199	0	1	4	54	4
12.0809431797147	0	1	8	54	4
9.09623054138878	0	1	16	54	4
4.6395106185662	0	1	0	54	5
3.55915271158751	0	1	4	54	5
4.01924463298143	0	1	8	54	5
4.82098481652898	0	1	16	54	5
10.1048823071328	0	1	0	54	6
10.3415870182919	0	1	4	54	6
9.24150511819065	0	1	8	54	6
8.68556507485206	0	1	16	54	6
3.58278253770355	0	1	0	54	7
5.26416871677969	0	1	4	54	7
1.14992254519193	0	1	8	54	7
2.2860021894287	0	1	16	54	7
11.1077768350221	0	1	0	54	8
13.0487358512759	0	1	4	54	8
9.27468823129453	0	1	8	54	8
9.99903571009833	0	1	16	54	8
5.44653727715737	0	1	0	55	1
4.03507566857764	0	1	4	55	1
5.52783283079111	0	1	8	55	1
1.31112165735823	0	1	16	55	1
11.8742936815078	0	1	0	55	2
11.9106331950739	0	1	4	55	2
11.0277614267797	0	1	8	55	2
10.8593569520442	0	1	16	55	2
12.3821218528505	0	1	0	55	3
12.0214422215673	0	1	4	55	3
9.63527109094862	0	1	8	55	3
10.4959996334083	0	1	16	55	3
10.118053254026	0	1	0	55	4
8.4254542624984	0	1	4	55	4
10.1896822114177	0	1	8	55	4
6.98279006602966	0	1	16	55	4
4.1780778622754	0	1	0	55	5
2.26664660264447	0	1	4	55	5
1.11202343714791	0	1	8	55	5
2.22256867871003	0	1	16	55	5
7.04562627558381	0	1	0	55	6
5.71267334946829	0	1	4	55	6
7.19020032177461	0	1	8	55	6
5.15630569875001	0	1	16	55	6
0.687289156621228	0	1	0	55	7
1.62531869597817	0	1	4	55	7
1.02564906025251	0	1	8	55	7
0.293995725674433	0	1	16	55	7
8.56313681678945	0	1	0	55	8
9.88888880191957	0	1	4	55	8
8.65215726813782	0	1	8	55	8
7.70410933030873	0	1	16	55	8
5.04020306802659	0	1	0	56	1
6.26511428066481	0	1	4	56	1
4.82131286227285	0	1	8	56	1
5.27128769924614	0	1	16	56	1
11.5040123725873	0	1	0	56	2
12.7235363648928	0	1	4	56	2
12.7802513813924	0	1	8	56	2
10.932016028116	0	1	16	56	2
12.6610288208706	0	1	0	56	3
10.4443191905276	0	1	4	56	3
12.8935840135796	0	1	8	56	3
10.382352148832	0	1	16	56	3
8.36341132510383	0	1	0	56	4
9.98886408431211	0	1	4	56	4
8.62085169939034	0	1	8	56	4
8.54738826435083	0	1	16	56	4
4.39310124362265	0	1	0	56	5
3.4643606640182	0	1	4	56	5
2.59002631746048	0	1	8	56	5
3.41262605967683	0	1	16	56	5
8.1623303519653	0	1	0	56	6
9.22201190540609	0	1	4	56	6
8.27406193302498	0	1	8	56	6
7.26597273062485	0	1	16	56	6
1.06220760224996	0	1	0	56	7
1.68732201222512	0	1	4	56	7
1.74589377837816	0	1	8	56	7
0.0193587228786966	0	1	16	56	7
9.324130269812	0	1	0	56	8
7.87736894629706	0	1	4	56	8
9.1745650633565	0	1	8	56	8
7.51592349038699	0	1	16	56	8
7.66500849610047	0	1	0	57	1
8.17610042875593	0	1	4	57	1
8.22331488282902	0	1	8	57	1
5.0700563967556	0	1	16	57	1
14.8256012998682	0	1	0	57	2
15.0945890747206	0	1	4	57	2
13.8234472428756	0	1	8	57	2
14.1015432012669	0	1	16	57	2
12.6865564013161	0	1	0	57	3
12.8807735265384	0	1	4	57	3
12.7697030578196	0	1	8	57	3
13.0568537425516	0	1	16	57	3
13.241284322513	0	1	0	57	4
13.7381717831051	0	1	4	57	4
13.3008739370176	0	1	8	57	4
10.1111115596717	0	1	16	57	4
5.32661710636888	0	1	0	57	5
3.73069593087485	0	1	4	57	5
5.11008227407102	0	1	8	57	5
4.83954023618614	0	1	16	57	5
9.23089344220738	0	1	0	57	6
12.523302705432	0	1	4	57	6
11.170792588402	0	1	8	57	6
8.00172757456186	0	1	16	57	6
4.37069362934089	0	1	0	57	7
2.73339268907524	0	1	4	57	7
4.3817065148149	0	1	8	57	7
0.918435865916574	0	1	16	57	7
13.1590530592258	0	1	0	57	8
13.4076944411225	0	1	4	57	8
13.5880387935312	0	1	8	57	8
9.06030911748209	0	1	16	57	8
10.1661957074439	0	1	0	58	1
8.93683330837588	0	1	4	58	1
8.67443813763256	0	1	8	58	1
7.37145989955519	0	1	16	58	1
16.9014771881545	0	1	0	58	2
16.4277630710153	0	1	4	58	2
14.9455889444209	0	1	8	58	2
15.3792369408369	0	1	16	58	2
16.2547853962255	0	1	0	58	3
16.3638652796721	0	1	4	58	3
13.6499186006148	0	1	8	58	3
13.6749281734702	0	1	16	58	3
15.1911570318362	0	1	0	58	4
15.0443427577142	0	1	4	58	4
12.8324582562545	0	1	8	58	4
11.2583296862657	0	1	16	58	4
6.51207627230559	0	1	0	58	5
6.19763722063874	0	1	4	58	5
3.9133618978021	0	1	8	58	5
7.89999740999977	0	1	16	58	5
11.1781424194393	0	1	0	58	6
11.9815437996121	0	1	4	58	6
11.9925829084729	0	1	8	58	6
11.3519796601907	0	1	16	58	6
6.51667055383892	0	1	0	58	7
5.91808813984307	0	1	4	58	7
3.27062738833573	0	1	8	58	7
4.92110843652599	0	1	16	58	7
15.5722113903785	0	1	0	58	8
14.4267494322376	0	1	4	58	8
13.038675455723	0	1	8	58	8
13.0630662892401	0	1	16	58	8
7.97211946756591	0	1	0	59	1
5.28492757162598	0	1	4	59	1
6.62581115715989	0	1	8	59	1
3.9698108877963	0	1	16	59	1
11.5371746434827	0	1	0	59	2
13.7423735929696	0	1	4	59	2
11.873967233356	0	1	8	59	2
12.5304632890916	0	1	16	59	2
11.5533056688027	0	1	0	59	3
12.2959110700738	0	1	4	59	3
11.531757447055	0	1	8	59	3
11.1858113194051	0	1	16	59	3
11.3411129723925	0	1	0	59	4
10.4695544431901	0	1	4	59	4
11.6347381102868	0	1	8	59	4
9.24734769591474	0	1	16	59	4
4.30362163116893	0	1	0	59	5
3.20301758155583	0	1	4	59	5
2.37122158332048	0	1	8	59	5
4.00352108280756	0	1	16	59	5
8.55359321350608	0	1	0	59	6
9.79962705333926	0	1	4	59	6
7.54772393359583	0	1	8	59	6
7.60750767278811	0	1	16	59	6
3.9207465231636	0	1	0	59	7
3.78604978553562	0	1	4	59	7
1.99070428334002	0	1	8	59	7
0.558954132136873	0	1	16	59	7
10.2184648522476	0	1	0	59	8
11.4343379289331	0	1	4	59	8
8.67204929573513	0	1	8	59	8
10.6642123586	0	1	16	59	8
8.36135642456147	0	1	0	60	1
9.04599372230057	0	1	4	60	1
8.72336472781036	0	1	8	60	1
6.62259113546105	0	1	16	60	1
13.8068843283641	0	1	0	60	2
15.7530058404456	0	1	4	60	2
15.2379785267275	0	1	8	60	2
14.5526455169302	0	1	16	60	2
14.3075217618798	0	1	0	60	3
13.7145894927288	0	1	4	60	3
13.6894801680407	0	1	8	60	3
12.6282799274162	0	1	16	60	3
13.6266017736152	0	1	0	60	4
14.6245447314625	0	1	4	60	4
14.3346198944237	0	1	8	60	4
13.0497928069685	0	1	16	60	4
6.33146744913835	0	1	0	60	5
5.67874215234047	0	1	4	60	5
6.42392953282138	0	1	8	60	5
4.08572106681319	0	1	16	60	5
10.3882108919627	0	1	0	60	6
11.2558071258025	0	1	4	60	6
10.4978107198029	0	1	8	60	6
8.67909897739366	0	1	16	60	6
5.17154537244867	0	1	0	60	7
5.28929014715584	0	1	4	60	7
3.41423549093537	0	1	8	60	7
4.27594441850056	0	1	16	60	7
12.6716408906361	0	1	0	60	8
13.4758099785829	0	1	4	60	8
11.735953541975	0	1	8	60	8
10.0352473748683	0	1	16	60	8
6.10101244695377	0	1	0	61	1
4.67535621300096	0	1	4	61	1
5.53930876224571	0	1	8	61	1
7.7010500956028	0	1	16	61	1
13.4146241931476	0	1	0	61	2
13.7916740692555	0	1	4	61	2
12.6197613315197	0	1	8	61	2
10.6085814609744	0	1	16	61	2
12.8751774462152	0	1	0	61	3
12.1563273257609	0	1	4	61	3
11.7171960146632	0	1	8	61	3
12.6986988811508	0	1	16	61	3
11.5982777983574	0	1	0	61	4
10.4196218054821	0	1	4	61	4
12.1604732800289	0	1	8	61	4
9.66146712192917	0	1	16	61	4
5.29982330100582	0	1	0	61	5
4.3943538160995	0	1	4	61	5
3.02825394353132	0	1	8	61	5
2.00914365023949	0	1	16	61	5
9.75848133180363	0	1	0	61	6
9.71382806180158	0	1	4	61	6
8.98093836083942	0	1	8	61	6
7.30623414077872	0	1	16	61	6
3.35409148832991	0	1	0	61	7
3.69897918195166	0	1	4	61	7
3.66728088531152	0	1	8	61	7
2.41394852533094	0	1	16	61	7
10.8378037394276	0	1	0	61	8
10.6796771287171	0	1	4	61	8
10.2453338842737	0	1	8	61	8
7.26507660388767	0	1	16	61	8
8.83223528484973	0	1	0	62	1
5.69206083382584	0	1	4	62	1
7.77386974284953	0	1	8	62	1
7.65847176615041	0	1	16	62	1
15.264487068031	0	1	0	62	2
13.7424924454507	0	1	4	62	2
14.352516035512	0	1	8	62	2
14.0445801649473	0	1	16	62	2
15.3591202265334	0	1	0	62	3
12.7123916293563	0	1	4	62	3
13.6625842536993	0	1	8	62	3
12.8014850206627	0	1	16	62	3
14.1476032773774	0	1	0	62	4
13.3741109545306	0	1	4	62	4
11.2297669280281	0	1	8	62	4
11.4790913639202	0	1	16	62	4
6.69413668535394	0	1	0	62	5
6.25376714465062	0	1	4	62	5
4.13290655392707	0	1	8	62	5
2.0162726381796	0	1	16	62	5
9.72664904167145	0	1	0	62	6
9.77431842097384	0	1	4	62	6
11.1278267076513	0	1	8	62	6
8.81358780555493	0	1	16	62	6
4.27545142749181	0	1	0	62	7
4.25375849787044	0	1	4	62	7
2.58453422079968	0	1	8	62	7
4.27052320693295	0	1	16	62	7
14.2008125112915	0	1	0	62	8
12.00129528384	0	1	4	62	8
12.1575471846301	0	1	8	62	8
10.2103173832447	0	1	16	62	8
6.58317560906869	0	1	0	63	1
6.66081395396612	0	1	4	63	1
5.35423112983657	0	1	8	63	1
6.28200678143143	0	1	16	63	1
13.4827543090365	0	1	0	63	2
13.4587820777003	0	1	4	63	2
13.1885296481656	0	1	8	63	2
12.2570373030202	0	1	16	63	2
14.00535606802	0	1	0	63	3
13.1706323943028	0	1	4	63	3
10.9482878331088	0	1	8	63	3
9.07242144592501	0	1	16	63	3
12.5338874614198	0	1	0	63	4
11.3946085086519	0	1	4	63	4
10.0786503773329	0	1	8	63	4
8.68388980649731	0	1	16	63	4
3.91106231403199	0	1	0	63	5
4.91811003532456	0	1	4	63	5
6.47065022291654	0	1	8	63	5
2.43753390642187	0	1	16	63	5
10.2009339822591	0	1	0	63	6
12.1356099003028	0	1	4	63	6
9.25353173425645	0	1	8	63	6
7.40769401821562	0	1	16	63	6
1.9953394253944	0	1	0	63	7
3.92284727819026	0	1	4	63	7
0.970374602867235	0	1	8	63	7
1.85672964052992	0	1	16	63	7
12.3406331899005	0	1	0	63	8
11.0519644821129	0	1	4	63	8
12.5279622224807	0	1	8	63	8
10.7322696567823	0	1	16	63	8
3.91849327524535	0	1	0	64	1
5.93480364917963	0	1	4	64	1
5.59939791148528	0	1	8	64	1
4.73844761465073	0	1	16	64	1
13.0595269630199	0	1	0	64	2
13.6554033539682	0	1	4	64	2
11.934217427088	0	1	8	64	2
9.89137181213709	0	1	16	64	2
11.8971751691598	0	1	0	64	3
12.0127296183418	0	1	4	64	3
10.6341901410179	0	1	8	64	3
9.26779088133796	0	1	16	64	3
10.3776725631322	0	1	0	64	4
11.1968558861316	0	1	4	64	4
8.43587747197281	0	1	8	64	4
9.99947414221112	0	1	16	64	4
5.94151674116736	0	1	0	64	5
3.89884406525633	0	1	4	64	5
3.43269858113246	0	1	8	64	5
1.44930485628837	0	1	16	64	5
8.36574657208614	0	1	0	64	6
7.44015825914206	0	1	4	64	6
8.24226063221648	0	1	8	64	6
7.67492436761499	0	1	16	64	6
0.470670203692011	0	1	0	64	7
2.60875360571305	0	1	4	64	7
1.44755629390864	0	1	8	64	7
-0.71962224667218	0	1	16	64	7
11.2354704336729	0	1	0	64	8
11.1804808706909	0	1	4	64	8
8.55738418525474	0	1	8	64	8
8.50250440788052	0	1	16	64	8
9.26898002649244	0	1	0	65	1
7.81866997944429	0	1	4	65	1
6.3485323142347	0	1	8	65	1
6.1506794543716	0	1	16	65	1
16.210536944479	0	1	0	65	2
13.6429135815554	0	1	4	65	2
15.380659496877	0	1	8	65	2
13.1225953591139	0	1	16	65	2
14.9904593771567	0	1	0	65	3
14.470077993702	0	1	4	65	3
14.9072049516294	0	1	8	65	3
14.7971316754515	0	1	16	65	3
13.4245012066459	0	1	0	65	4
12.8354224959217	0	1	4	65	4
12.6079315709971	0	1	8	65	4
11.3045356153227	0	1	16	65	4
7.99448076912098	0	1	0	65	5
7.14599265926616	0	1	4	65	5
5.28210871850226	0	1	8	65	5
3.9643055143056	0	1	16	65	5
10.9738277355303	0	1	0	65	6
10.5112800648006	0	1	4	65	6
9.93148585346684	0	1	8	65	6
9.77469694617301	0	1	16	65	6
3.29564358786279	0	1	0	65	7
4.57083707857531	0	1	4	65	7
1.37164343297357	0	1	8	65	7
2.19201572044889	0	1	16	65	7
12.1261859841574	0	1	0	65	8
13.3995034423642	0	1	4	65	8
12.6028233214069	0	1	8	65	8
10.6993724442387	0	1	16	65	8
6.04903358106538	0	1	0	66	1
6.73702765551417	0	1	4	66	1
7.10698468609379	0	1	8	66	1
4.71818916821617	0	1	16	66	1
15.225103999611	0	1	0	66	2
12.6000584515322	0	1	4	66	2
13.3556078379775	0	1	8	66	2
10.5787918647468	0	1	16	66	2
10.5301680815641	0	1	0	66	3
12.7875109869626	0	1	4	66	3
11.486235123435	0	1	8	66	3
11.0128694704686	0	1	16	66	3
9.78801370724892	0	1	0	66	4
10.3261352417736	0	1	4	66	4
10.3188906599368	0	1	8	66	4
10.9273974930702	0	1	16	66	4
5.09778264037882	0	1	0	66	5
3.59357507150565	0	1	4	66	5
2.93805023800778	0	1	8	66	5
2.49385435534073	0	1	16	66	5
9.01460601528363	0	1	0	66	6
9.01386533149793	0	1	4	66	6
7.49192353765879	0	1	8	66	6
7.64235320283391	0	1	16	66	6
2.72456669533371	0	1	0	66	7
2.91351059491574	0	1	4	66	7
-0.562480592962908	0	1	8	66	7
-0.368878098811127	0	1	16	66	7
12.5281854212649	0	1	0	66	8
9.69081269345016	0	1	4	66	8
10.2061682283347	0	1	8	66	8
8.48511627821286	0	1	16	66	8
6.79610068902496	0	1	0	67	1
6.61866438607907	0	1	4	67	1
5.11859035912307	0	1	8	67	1
5.21173463139045	0	1	16	67	1
14.1383363956142	0	1	0	67	2
12.968720737295	0	1	4	67	2
13.7742052138475	0	1	8	67	2
12.4155912969469	0	1	16	67	2
12.97245608565	0	1	0	67	3
12.9129824782617	0	1	4	67	3
13.7766573790049	0	1	8	67	3
10.5055683050448	0	1	16	67	3
11.9893829025635	0	1	0	67	4
12.1358996444828	0	1	4	67	4
11.3378451310682	0	1	8	67	4
9.2798956241272	0	1	16	67	4
5.34099859176987	0	1	0	67	5
3.52259711184655	0	1	4	67	5
4.18561432823711	0	1	8	67	5
2.96723124693873	0	1	16	67	5
9.60040532773001	0	1	0	67	6
7.85164143130461	0	1	4	67	6
8.94497312609118	0	1	8	67	6
8.87741410492058	0	1	16	67	6
3.85295561125324	0	1	0	67	7
2.07526839149519	0	1	4	67	7
2.53789962165323	0	1	8	67	7
1.97195540216388	0	1	16	67	7
10.0654461648637	0	1	0	67	8
11.2160812042931	0	1	4	67	8
8.33787399020257	0	1	8	67	8
10.0993772972723	0	1	16	67	8
7.42157044747079	0	1	0	68	1
5.80447604940782	0	1	4	68	1
6.55352584636565	0	1	8	68	1
5.68767933450321	0	1	16	68	1
13.8244853674992	0	1	0	68	2
13.336802306081	0	1	4	68	2
14.83725894347	0	1	8	68	2
11.7507988158688	0	1	16	68	2
14.562268542892	0	1	0	68	3
13.4371647627732	0	1	4	68	3
12.4017981709051	0	1	8	68	3
11.8192092048216	0	1	16	68	3
10.978867829496	0	1	0	68	4
11.3943490391278	0	1	4	68	4
11.9641901423318	0	1	8	68	4
8.7867000141842	0	1	16	68	4
6.49775448997276	0	1	0	68	5
4.88038069394465	0	1	4	68	5
4.17775937322316	0	1	8	68	5
5.18796290051962	0	1	16	68	5
9.57953555736148	0	1	0	68	6
10.266698223124	0	1	4	68	6
8.28499336642988	0	1	8	68	6
8.69027157842531	0	1	16	68	6
3.2324402615188	0	1	0	68	7
4.08973849241797	0	1	4	68	7
1.96132790908592	0	1	8	68	7
3.24809470059385	0	1	16	68	7
12.0589598793925	0	1	0	68	8
11.4022108425804	0	1	4	68	8
11.3286026029251	0	1	8	68	8
11.647558998659	0	1	16	68	8
7.78390440264865	0	1	0	69	1
7.19608771557614	0	1	4	69	1
9.09395526946521	0	1	8	69	1
7.68626400192644	0	1	16	69	1
15.3011239996129	0	1	0	69	2
15.9766756775251	0	1	4	69	2
15.1360341645765	0	1	8	69	2
12.0541417518267	0	1	16	69	2
14.1050778246252	0	1	0	69	3
12.6546362001996	0	1	4	69	3
11.5612739065389	0	1	8	69	3
13.7722527095719	0	1	16	69	3
11.7570599899679	0	1	0	69	4
13.165537646549	0	1	4	69	4
12.6232541474599	0	1	8	69	4
10.630612192664	0	1	16	69	4
4.85022020046636	0	1	0	69	5
4.79656769847882	0	1	4	69	5
4.81425777432157	0	1	8	69	5
2.48199378723938	0	1	16	69	5
10.8728153984661	0	1	0	69	6
10.4317527475284	0	1	4	69	6
9.07005646264083	0	1	8	69	6
10.6986087854882	0	1	16	69	6
4.58767784792427	0	1	0	69	7
3.85137290167582	0	1	4	69	7
4.53838387916836	0	1	8	69	7
2.55629328661104	0	1	16	69	7
11.6783476198573	0	1	0	69	8
13.0990753681628	0	1	4	69	8
11.2877370682404	0	1	8	69	8
11.5715191757563	0	1	16	69	8
10.4083674524227	0	1	0	70	1
8.19100553604649	0	1	4	70	1
9.18240560402083	0	1	8	70	1
7.63990159221751	0	1	16	70	1
14.6618064143593	0	1	0	70	2
14.7708893045754	0	1	4	70	2
13.4443662950021	0	1	8	70	2
13.3577355576955	0	1	16	70	2
15.2887249128266	0	1	0	70	3
14.8421487021143	0	1	4	70	3
15.9894888639069	0	1	8	70	3
13.9401672688457	0	1	16	70	3
12.5679279640214	0	1	0	70	4
13.3194951225409	0	1	4	70	4
13.3450476223466	0	1	8	70	4
12.8985286202526	0	1	16	70	4
6.55664604771738	0	1	0	70	5
5.24149942510457	0	1	4	70	5
6.73215152084614	0	1	8	70	5
4.89028670698859	0	1	16	70	5
10.2235729878199	0	1	0	70	6
10.565468823325	0	1	4	70	6
10.5652681433798	0	1	8	70	6
9.1105148361691	0	1	16	70	6
4.09517261894829	0	1	0	70	7
4.77404168727353	0	1	4	70	7
4.398059381437	0	1	8	70	7
2.91413639998017	0	1	16	70	7
13.0389408959333	0	1	0	70	8
13.479991460633	0	1	4	70	8
12.3649198046575	0	1	8	70	8
9.15071536391686	0	1	16	70	8
8.59770460882849	0	1	0	71	1
7.41620668333045	0	1	4	71	1
7.54096376818207	0	1	8	71	1
6.91802119700525	0	1	16	71	1
14.4638595917523	0	1	0	71	2
12.9938503011404	0	1	4	71	2
15.7833333799238	0	1	8	71	2
13.671332654049	0	1	16	71	2
14.5324040839003	0	1	0	71	3
14.73063657097	0	1	4	71	3
13.014081160903	0	1	8	71	3
13.4562384402104	0	1	16	71	3
15.151713148322	0	1	0	71	4
13.5473982512621	0	1	4	71	4
11.7775416732966	0	1	8	71	4
12.590178848078	0	1	16	71	4
6.81397900300864	0	1	0	71	5
5.45687202565837	0	1	4	71	5
6.52076066434228	0	1	8	71	5
5.38426207155967	0	1	16	71	5
11.3048587236148	0	1	0	71	6
11.6474756068637	0	1	4	71	6
10.1447133125761	0	1	8	71	6
7.80922708598878	0	1	16	71	6
6.8804181223404	0	1	0	71	7
5.17174741209681	0	1	4	71	7
3.54453518617156	0	1	8	71	7
2.48821594514387	0	1	16	71	7
12.340217765294	0	1	0	71	8
12.4582308578786	0	1	4	71	8
12.2213983459222	0	1	8	71	8
9.7013020669309	0	1	16	71	8
6.10606290612472	0	1	0	72	1
7.44973617524349	0	1	4	72	1
5.58616815456474	0	1	8	72	1
4.22875229262539	0	1	16	72	1
15.1215385143239	0	1	0	72	2
16.3650950240182	0	1	4	72	2
13.1431389426053	0	1	8	72	2
13.6114821097247	0	1	16	72	2
13.9279024211222	0	1	0	72	3
13.8417501093854	0	1	4	72	3
12.4825699363981	0	1	8	72	3
10.9914476200519	0	1	16	72	3
11.2438084070297	0	1	0	72	4
12.0467052655424	0	1	4	72	4
12.5988985086964	0	1	8	72	4
10.5074156652089	0	1	16	72	4
4.28685357519733	0	1	0	72	5
2.53730888361977	0	1	4	72	5
2.45776990903111	0	1	8	72	5
3.20796654352154	0	1	16	72	5
9.56531647734151	0	1	0	72	6
8.94476695492575	0	1	4	72	6
10.3255715155273	0	1	8	72	6
8.66304172909443	0	1	16	72	6
3.16712593471812	0	1	0	72	7
4.10754529018819	0	1	4	72	7
3.51349742177778	0	1	8	72	7
1.24212319500145	0	1	16	72	7
11.0058648170362	0	1	0	72	8
10.2421406963569	0	1	4	72	8
10.7200813050898	0	1	8	72	8
10.9090137045064	0	1	16	72	8
7.95402960807122	0	1	0	73	1
8.12938070869652	0	1	4	73	1
7.26008603213975	0	1	8	73	1
6.12059675001925	0	1	16	73	1
16.1903866634441	0	1	0	73	2
14.1664949921774	0	1	4	73	2
15.6360449551892	0	1	8	73	2
12.0109950634448	0	1	16	73	2
14.0657174147167	0	1	0	73	3
13.1594261177377	0	1	4	73	3
14.5145661499189	0	1	8	73	3
11.7014539766968	0	1	16	73	3
14.3163472435697	0	1	0	73	4
11.9260093929399	0	1	4	73	4
12.3976811348857	0	1	8	73	4
11.0939231648098	0	1	16	73	4
6.87521733062917	0	1	0	73	5
5.04764491584892	0	1	4	73	5
5.70842026127201	0	1	8	73	5
4.27479706025212	0	1	16	73	5
11.2493110427031	0	1	0	73	6
9.39227183498699	0	1	4	73	6
9.3499945306438	0	1	8	73	6
9.88241024242439	0	1	16	73	6
3.80754974578448	0	1	0	73	7
3.70864117184228	0	1	4	73	7
3.74295750664623	0	1	8	73	7
3.19195511168977	0	1	16	73	7
14.3292613596448	0	1	0	73	8
12.7541481104896	0	1	4	73	8
11.5395952019212	0	1	8	73	8
12.9774431143776	0	1	16	73	8
6.68004652531575	0	1	0	74	1
8.14167926982675	0	1	4	74	1
7.05749237432259	0	1	8	74	1
5.12354956109482	0	1	16	74	1
14.3731196615944	0	1	0	74	2
13.8343029481034	0	1	4	74	2
12.1577321906301	0	1	8	74	2
12.0128737946756	0	1	16	74	2
14.8439245960605	0	1	0	74	3
13.1648178502033	0	1	4	74	3
11.5105906925949	0	1	8	74	3
13.8336684655505	0	1	16	74	3
14.010019531182	0	1	0	74	4
11.7306257866115	0	1	4	74	4
11.9423341866624	0	1	8	74	4
11.2085344290069	0	1	16	74	4
4.56725512320618	0	1	0	74	5
5.21873230320976	0	1	4	74	5
4.7817066376975	0	1	8	74	5
3.39066763984758	0	1	16	74	5
10.1826691400157	0	1	0	74	6
11.5397188568872	0	1	4	74	6
7.9908080893283	0	1	8	74	6
9.13116349060343	0	1	16	74	6
3.47797797583908	0	1	0	74	7
1.06262312212292	0	1	4	74	7
2.70988988073493	0	1	8	74	7
0.931842213914299	0	1	16	74	7
12.7438239827332	0	1	0	74	8
10.5840579336268	0	1	4	74	8
10.5940605694047	0	1	8	74	8
9.48188770304355	0	1	16	74	8
5.81424124050355	0	1	0	75	1
7.44860510016907	0	1	4	75	1
4.5815861757164	0	1	8	75	1
5.12780994457631	0	1	16	75	1
12.2494976888139	0	1	0	75	2
12.8131153194448	0	1	4	75	2
12.0916872856897	0	1	8	75	2
12.915791249623	0	1	16	75	2
13.9707164741777	0	1	0	75	3
12.6759849251334	0	1	4	75	3
11.838517281485	0	1	8	75	3
10.8992083866298	0	1	16	75	3
11.3817214203451	0	1	0	75	4
12.8346297806945	0	1	4	75	4
11.2202361420864	0	1	8	75	4
9.43674851571877	0	1	16	75	4
4.42825170533427	0	1	0	75	5
5.5716895089774	0	1	4	75	5
2.79791329722351	0	1	8	75	5
2.27568589826042	0	1	16	75	5
9.76657165936263	0	1	0	75	6
11.3590094712477	0	1	4	75	6
8.87982253689289	0	1	8	75	6
7.25154159311406	0	1	16	75	6
4.64876351724269	0	1	0	75	7
2.07365615944435	0	1	4	75	7
1.50061928236683	0	1	8	75	7
1.06769602124214	0	1	16	75	7
12.2002921799597	0	1	0	75	8
9.86143998389088	0	1	4	75	8
9.57608146889217	0	1	8	75	8
8.45186097322856	0	1	16	75	8
13.2567521681049	1	1	0	76	1
11.6733957625629	1	1	4	76	1
9.84495812074853	1	1	8	76	1
8.06247272586078	1	1	16	76	1
17.212441358808	1	1	0	76	2
16.5068710246555	1	1	4	76	2
16.6984948543518	1	1	8	76	2
14.8021709622136	1	1	16	76	2
19.5587852614054	1	1	0	76	3
15.9073284152734	1	1	4	76	3
17.3087519677386	1	1	8	76	3
16.3958684353619	1	1	16	76	3
15.5955392810239	1	1	0	76	4
15.816556343055	1	1	4	76	4
15.0917306419371	1	1	8	76	4
14.4564677070254	1	1	16	76	4
10.1652387801427	1	1	0	76	5
8.82958024481898	1	1	4	76	5
7.46326462301428	1	1	8	76	5
6.10122218435686	1	1	16	76	5
14.1360367712619	1	1	0	76	6
14.2173507596848	1	1	4	76	6
12.9897538627275	1	1	8	76	6
11.2724133128327	1	1	16	76	6
10.5168075694749	1	1	0	76	7
7.3694150456624	1	1	4	76	7
6.61753521813785	1	1	8	76	7
4.87145713015595	1	1	16	76	7
15.4756941173722	1	1	0	76	8
15.0831101114552	1	1	4	76	8
16.1596563290106	1	1	8	76	8
12.5682857713998	1	1	16	76	8
11.8782499631032	1	1	0	77	1
9.54777360691532	1	1	4	77	1
10.7105680282123	1	1	8	77	1
7.4057644011765	1	1	16	77	1
17.2902686791675	1	1	0	77	2
17.9667159232593	1	1	4	77	2
14.9711993397936	1	1	8	77	2
14.9310646972207	1	1	16	77	2
18.1285259612596	1	1	0	77	3
15.13711288218	1	1	4	77	3
16.0532779294287	1	1	8	77	3
12.728524181494	1	1	16	77	3
15.7256362018244	1	1	0	77	4
15.0516465055092	1	1	4	77	4
14.8205795167846	1	1	8	77	4
12.2795757125339	1	1	16	77	4
7.75421776571545	1	1	0	77	5
8.55594473722266	1	1	4	77	5
7.50495215447449	1	1	8	77	5
5.73704976369493	1	1	16	77	5
13.821920649304	1	1	0	77	6
12.0497538196643	1	1	4	77	6
10.710926452965	1	1	8	77	6
9.99798029326034	1	1	16	77	6
7.46304209284699	1	1	0	77	7
7.31275527310715	1	1	4	77	7
4.63966748353961	1	1	8	77	7
5.77570142535922	1	1	16	77	7
14.604237383114	1	1	0	77	8
13.770950411356	1	1	4	77	8
12.8809393285273	1	1	8	77	8
11.1403551653423	1	1	16	77	8
12.4096127162619	1	1	0	78	1
11.8068653820327	1	1	4	78	1
10.0365407029478	1	1	8	78	1
10.7121920587883	1	1	16	78	1
20.5556775377518	1	1	0	78	2
19.3907675484078	1	1	4	78	2
16.2709491149963	1	1	8	78	2
13.9935100949728	1	1	16	78	2
16.7981254413646	1	1	0	78	3
15.8470533145042	1	1	4	78	3
16.0624713684644	1	1	8	78	3
14.9619969656938	1	1	16	78	3
16.2517233735882	1	1	0	78	4
17.004163379745	1	1	4	78	4
14.7402522450956	1	1	8	78	4
12.2901627129522	1	1	16	78	4
10.3950434013936	1	1	0	78	5
9.51964530388164	1	1	4	78	5
9.50190889148874	1	1	8	78	5
7.48347971854757	1	1	16	78	5
14.2242079682304	1	1	0	78	6
14.4615048866231	1	1	4	78	6
12.2473569699246	1	1	8	78	6
13.8740014888857	1	1	16	78	6
7.74261309735921	1	1	0	78	7
6.95764610059912	1	1	4	78	7
9.15485528076282	1	1	8	78	7
5.42948507598652	1	1	16	78	7
16.3084395702726	1	1	0	78	8
14.9661524453144	1	1	4	78	8
13.8984141215839	1	1	8	78	8
12.158120886992	1	1	16	78	8
9.55656133356515	1	1	0	79	1
8.6094110878717	1	1	4	79	1
7.80679886091317	1	1	8	79	1
7.30930920333792	1	1	16	79	1
17.0094255400814	1	1	0	79	2
17.9958695289418	1	1	4	79	2
14.5616487672293	1	1	8	79	2
13.2768670049069	1	1	16	79	2
16.2520555584691	1	1	0	79	3
15.1310925618355	1	1	4	79	3
14.5162661066073	1	1	8	79	3
13.9229665037851	1	1	16	79	3
14.7122374139519	1	1	0	79	4
14.0615728998754	1	1	4	79	4
14.4955420486105	1	1	8	79	4
11.6440070906749	1	1	16	79	4
9.44070778052245	1	1	0	79	5
5.44945393757833	1	1	4	79	5
5.91923944733174	1	1	8	79	5
3.61268811714519	1	1	16	79	5
12.3370046774346	1	1	0	79	6
11.7542755183246	1	1	4	79	6
11.6929628051387	1	1	8	79	6
9.28664357110032	1	1	16	79	6
9.27955951165844	1	1	0	79	7
4.52843881875046	1	1	4	79	7
4.68555955370943	1	1	8	79	7
3.57339859390072	1	1	16	79	7
14.4094349976968	1	1	0	79	8
13.4667767140321	1	1	4	79	8
13.0894064995318	1	1	8	79	8
10.2493504174351	1	1	16	79	8
11.9840703448633	1	1	0	80	1
11.2403938646375	1	1	4	80	1
9.76737811754905	1	1	8	80	1
7.84945086656339	1	1	16	80	1
18.8032604836829	1	1	0	80	2
15.2771982125161	1	1	4	80	2
16.8124645278285	1	1	8	80	2
15.4731377369798	1	1	16	80	2
16.9350941050992	1	1	0	80	3
14.5946299895448	1	1	4	80	3
15.5719391152956	1	1	8	80	3
14.181665640215	1	1	16	80	3
17.4312653801262	1	1	0	80	4
16.3572738428256	1	1	4	80	4
14.2313506800171	1	1	8	80	4
13.3770228208433	1	1	16	80	4
8.73703207471987	1	1	0	80	5
7.13698063696471	1	1	4	80	5
6.38826688554902	1	1	8	80	5
7.48388100981574	1	1	16	80	5
14.1672424266035	1	1	0	80	6
12.7033842164598	1	1	4	80	6
11.1730535742691	1	1	8	80	6
11.3416005618866	1	1	16	80	6
8.18322786218259	1	1	0	80	7
6.47624692643511	1	1	4	80	7
4.9719375602142	1	1	8	80	7
3.60691737068314	1	1	16	80	7
14.055421862725	1	1	0	80	8
14.3313448771539	1	1	4	80	8
14.0676657331674	1	1	8	80	8
11.6046756677875	1	1	16	80	8
10.979266599133	1	1	0	81	1
11.3707805900789	1	1	4	81	1
9.71880326496293	1	1	8	81	1
9.09501397611121	1	1	16	81	1
19.8382985854711	1	1	0	81	2
17.4211145106437	1	1	4	81	2
17.2289181650852	1	1	8	81	2
15.1294268213173	1	1	16	81	2
19.2853193753773	1	1	0	81	3
15.71365666341	1	1	4	81	3
16.6240556091602	1	1	8	81	3
15.1255194340816	1	1	16	81	3
17.0649321620999	1	1	0	81	4
15.515046863421	1	1	4	81	4
14.959296934561	1	1	8	81	4
13.1524012753182	1	1	16	81	4
9.67980847253502	1	1	0	81	5
9.27767781630389	1	1	4	81	5
7.48856952860162	1	1	8	81	5
6.23195896139268	1	1	16	81	5
14.8243992568041	1	1	0	81	6
12.4115399324105	1	1	4	81	6
12.6633711933939	1	1	8	81	6
11.4610385060124	1	1	16	81	6
8.7392679068133	1	1	0	81	7
8.69705454748416	1	1	4	81	7
7.57382649745025	1	1	8	81	7
4.75100762305905	1	1	16	81	7
16.6509052572585	1	1	0	81	8
15.7577583098914	1	1	4	81	8
14.4942146307982	1	1	8	81	8
14.0101203711313	1	1	16	81	8
9.04915929335332	1	1	0	82	1
11.9799206772667	1	1	4	82	1
11.94363722994	1	1	8	82	1
9.07692293465002	1	1	16	82	1
19.8338677537986	1	1	0	82	2
18.350401767094	1	1	4	82	2
18.3938514353654	1	1	8	82	2
14.810458778841	1	1	16	82	2
17.8736437895749	1	1	0	82	3
15.9921355804679	1	1	4	82	3
15.4928642688576	1	1	8	82	3
16.5909195986876	1	1	16	82	3
16.6595115862706	1	1	0	82	4
16.6939581637102	1	1	4	82	4
14.5372828343273	1	1	8	82	4
13.5204457797773	1	1	16	82	4
9.45844924437019	1	1	0	82	5
9.98433506909598	1	1	4	82	5
8.81237609308373	1	1	8	82	5
4.50381183025578	1	1	16	82	5
15.046966476197	1	1	0	82	6
13.9412787260127	1	1	4	82	6
12.8045304955616	1	1	8	82	6
12.7529856032825	1	1	16	82	6
9.19046355537801	1	1	0	82	7
8.31470848378099	1	1	4	82	7
8.65001458220717	1	1	8	82	7
6.48099504338725	1	1	16	82	7
17.1241631171543	1	1	0	82	8
16.1703958489692	1	1	4	82	8
15.2131512036438	1	1	8	82	8
13.9303601057575	1	1	16	82	8
9.92963303607821	1	1	0	83	1
10.4391442567079	1	1	4	83	1
9.9339226950039	1	1	8	83	1
9.88191798537246	1	1	16	83	1
19.0309421088569	1	1	0	83	2
16.4698721061466	1	1	4	83	2
17.4111586140306	1	1	8	83	2
13.9550308732443	1	1	16	83	2
18.4295331424044	1	1	0	83	3
17.349445589246	1	1	4	83	3
15.3140615520629	1	1	8	83	3
15.6756394889044	1	1	16	83	3
14.7095441395366	1	1	0	83	4
15.3361684586167	1	1	4	83	4
13.9845927319305	1	1	8	83	4
11.3449803385811	1	1	16	83	4
10.5774754682567	1	1	0	83	5
10.5232100322616	1	1	4	83	5
7.44294402485149	1	1	8	83	5
6.19326176433796	1	1	16	83	5
14.6745633808547	1	1	0	83	6
12.7636737170226	1	1	4	83	6
11.3966243733923	1	1	8	83	6
10.7947906485665	1	1	16	83	6
6.0676408865677	1	1	0	83	7
7.28001255003551	1	1	4	83	7
6.76620786610813	1	1	8	83	7
5.00046008513011	1	1	16	83	7
16.0346445279806	1	1	0	83	8
12.9715556513785	1	1	4	83	8
12.8683732613512	1	1	8	83	8
12.3019640623715	1	1	16	83	8
12.0965990405371	1	1	0	84	1
12.8823180157552	1	1	4	84	1
11.8198710206479	1	1	8	84	1
9.2108582424387	1	1	16	84	1
20.8596172353518	1	1	0	84	2
20.22108616604	1	1	4	84	2
19.3878068920581	1	1	8	84	2
16.4873641451133	1	1	16	84	2
19.5137208653418	1	1	0	84	3
17.883070473157	1	1	4	84	3
17.6648805628426	1	1	8	84	3
15.2999799466134	1	1	16	84	3
18.5241198889967	1	1	0	84	4
16.3029785375914	1	1	4	84	4
17.104295866399	1	1	8	84	4
15.1958964334442	1	1	16	84	4
11.8693139880205	1	1	0	84	5
9.98324549158665	1	1	4	84	5
11.2893846895239	1	1	8	84	5
7.93067324459199	1	1	16	84	5
16.0471218181713	1	1	0	84	6
13.5917072145687	1	1	4	84	6
13.536142807179	1	1	8	84	6
11.5734056275395	1	1	16	84	6
8.37360515751592	1	1	0	84	7
8.95598704142117	1	1	4	84	7
7.46457022662767	1	1	8	84	7
6.79249788817193	1	1	16	84	7
19.0173832020375	1	1	0	84	8
17.080227790816	1	1	4	84	8
15.5670079105242	1	1	8	84	8
14.4184460013161	1	1	16	84	8
12.7390881162012	1	1	0	85	1
11.6984442776177	1	1	4	85	1
10.8935757397854	1	1	8	85	1
8.85951452573889	1	1	16	85	1
20.8164118012361	1	1	0	85	2
18.4561803297163	1	1	4	85	2
16.844051427982	1	1	8	85	2
16.2299115204851	1	1	16	85	2
18.4448645921898	1	1	0	85	3
19.1433705932939	1	1	4	85	3
16.8362845230581	1	1	8	85	3
16.2354818714889	1	1	16	85	3
17.5299764617962	1	1	0	85	4
16.0150016800887	1	1	4	85	4
15.5365155288123	1	1	8	85	4
12.0381134128587	1	1	16	85	4
10.7535854748532	1	1	0	85	5
7.61152232640381	1	1	4	85	5
9.71824054088978	1	1	8	85	5
7.50296511630568	1	1	16	85	5
14.4422754369801	1	1	0	85	6
14.1349116996192	1	1	4	85	6
13.2711674061284	1	1	8	85	6
12.900886456408	1	1	16	85	6
8.78407605860293	1	1	0	85	7
7.14109246267475	1	1	4	85	7
7.22356633549524	1	1	8	85	7
6.28157393312606	1	1	16	85	7
17.2122863142494	1	1	0	85	8
16.9063759867731	1	1	4	85	8
17.156068249933	1	1	8	85	8
16.0492691605124	1	1	16	85	8
8.97479551027435	1	1	0	86	1
9.23297852201949	1	1	4	86	1
8.64515949552761	1	1	8	86	1
9.26569328986549	1	1	16	86	1
18.0056942344057	1	1	0	86	2
16.6539253185356	1	1	4	86	2
15.5428800593107	1	1	8	86	2
15.324386686327	1	1	16	86	2
18.0548571741468	1	1	0	86	3
17.4236485630901	1	1	4	86	3
15.4277779724869	1	1	8	86	3
16.126935016004	1	1	16	86	3
17.23550675957	1	1	0	86	4
17.1054884541839	1	1	4	86	4
14.2222005269355	1	1	8	86	4
12.7870958643662	1	1	16	86	4
9.73534811099932	1	1	0	86	5
8.51042479581894	1	1	4	86	5
6.63012462989988	1	1	8	86	5
6.7236946338115	1	1	16	86	5
17.1130042642143	1	1	0	86	6
12.8042027386455	1	1	4	86	6
12.7463352480879	1	1	8	86	6
10.0036923605024	1	1	16	86	6
8.72666384548454	1	1	0	86	7
5.80307012469437	1	1	4	86	7
5.94173051031315	1	1	8	86	7
6.45682930969724	1	1	16	86	7
15.0154279696423	1	1	0	86	8
15.6563977735197	1	1	4	86	8
15.8585473841356	1	1	8	86	8
10.7598637077439	1	1	16	86	8
9.9143947486237	1	1	0	87	1
9.87630919688738	1	1	4	87	1
7.91549924205325	1	1	8	87	1
8.32720010690151	1	1	16	87	1
17.1925143700196	1	1	0	87	2
18.4691253143446	1	1	4	87	2
17.7431585839147	1	1	8	87	2
16.2305181009741	1	1	16	87	2
17.9486886026788	1	1	0	87	3
18.7028703728696	1	1	4	87	3
16.4707295186113	1	1	8	87	3
13.3320812972475	1	1	16	87	3
15.7732969694786	1	1	0	87	4
15.916746688923	1	1	4	87	4
13.9140967110467	1	1	8	87	4
13.1338175011372	1	1	16	87	4
9.37322237497232	1	1	0	87	5
6.85219588558805	1	1	4	87	5
6.43097441525253	1	1	8	87	5
6.64579381190467	1	1	16	87	5
15.2197679673868	1	1	0	87	6
11.824483991992	1	1	4	87	6
12.5851527989104	1	1	8	87	6
11.0490660573468	1	1	16	87	6
7.39472594711354	1	1	0	87	7
6.60915584476466	1	1	4	87	7
4.54474323002646	1	1	8	87	7
4.68758646566706	1	1	16	87	7
14.2917449206902	1	1	0	87	8
14.3491663303977	1	1	4	87	8
15.40455337819	1	1	8	87	8
12.4326964304444	1	1	16	87	8
13.4854423841739	1	1	0	88	1
12.1846182491314	1	1	4	88	1
12.2238430739684	1	1	8	88	1
10.244377428552	1	1	16	88	1
17.15356831995	1	1	0	88	2
17.5252937969473	1	1	4	88	2
17.3827946108078	1	1	8	88	2
15.5768446530404	1	1	16	88	2
17.5240925331895	1	1	0	88	3
18.1109555028178	1	1	4	88	3
17.1450503620474	1	1	8	88	3
15.7765965613377	1	1	16	88	3
18.3515902267173	1	1	0	88	4
16.259965909143	1	1	4	88	4
15.7672533964045	1	1	8	88	4
14.0876907685538	1	1	16	88	4
9.63680377285034	1	1	0	88	5
10.0392045099324	1	1	4	88	5
9.85953620254277	1	1	8	88	5
6.3812848587667	1	1	16	88	5
12.9894926852824	1	1	0	88	6
11.4579636369935	1	1	4	88	6
15.2947407724789	1	1	8	88	6
11.7448357908266	1	1	16	88	6
7.56642761303942	1	1	0	88	7
8.15462085752388	1	1	4	88	7
5.48271738056103	1	1	8	88	7
5.01417447897314	1	1	16	88	7
16.0811004886276	1	1	0	88	8
14.8328184020349	1	1	4	88	8
14.0795196967128	1	1	8	88	8
14.5797399751742	1	1	16	88	8
12.6192612373697	1	1	0	89	1
8.67834548598145	1	1	4	89	1
9.28519446827462	1	1	8	89	1
9.39451637685941	1	1	16	89	1
17.4053893842971	1	1	0	89	2
17.2335223697213	1	1	4	89	2
16.9188192157446	1	1	8	89	2
14.1078287692701	1	1	16	89	2
17.3935350324831	1	1	0	89	3
16.0844279858724	1	1	4	89	3
16.1224064790768	1	1	8	89	3
16.126821709943	1	1	16	89	3
15.8578851382056	1	1	0	89	4
16.4414627469938	1	1	4	89	4
13.9579309154931	1	1	8	89	4
11.9140963093205	1	1	16	89	4
7.455985170736	1	1	0	89	5
6.97944337748818	1	1	4	89	5
6.6988301267043	1	1	8	89	5
5.54979550583836	1	1	16	89	5
14.0591011099897	1	1	0	89	6
13.5871189845605	1	1	4	89	6
11.0653570509141	1	1	8	89	6
11.0693921513586	1	1	16	89	6
8.62517474308549	1	1	0	89	7
6.56716234543467	1	1	4	89	7
6.07982778826918	1	1	8	89	7
4.04888873469674	1	1	16	89	7
15.3572557967253	1	1	0	89	8
14.5193613674942	1	1	4	89	8
13.8575848672716	1	1	8	89	8
13.0009786152692	1	1	16	89	8
13.2734509283173	1	1	0	90	1
10.4405988024473	1	1	4	90	1
9.61132083590817	1	1	8	90	1
9.18387356724137	1	1	16	90	1
18.7251894189518	1	1	0	90	2
14.633395930423	1	1	4	90	2
16.922850173795	1	1	8	90	2
14.6054337540124	1	1	16	90	2
16.4331387330497	1	1	0	90	3
15.4876910915547	1	1	4	90	3
15.8787029966182	1	1	8	90	3
13.0687849055234	1	1	16	90	3
15.4656765117263	1	1	0	90	4
14.4335839454956	1	1	4	90	4
14.2728613827446	1	1	8	90	4
12.4299978575481	1	1	16	90	4
10.320377537267	1	1	0	90	5
7.69072408216398	1	1	4	90	5
6.87710382829084	1	1	8	90	5
6.31998673515469	1	1	16	90	5
13.6590239393443	1	1	0	90	6
12.8977617511738	1	1	4	90	6
12.5174737533198	1	1	8	90	6
11.8383480738603	1	1	16	90	6
7.61425290268919	1	1	0	90	7
6.3618965214226	1	1	4	90	7
4.52255814875398	1	1	8	90	7
3.64583302447423	1	1	16	90	7
15.0209306675073	1	1	0	90	8
12.9510404641434	1	1	4	90	8
14.4622659535945	1	1	8	90	8
12.0875101636479	1	1	16	90	8
13.8931688167662	1	1	0	91	1
12.1978594380813	1	1	4	91	1
10.5346240539268	1	1	8	91	1
9.9805998532476	1	1	16	91	1
20.3534370681825	1	1	0	91	2
20.0982576171235	1	1	4	91	2
17.5018661842771	1	1	8	91	2
17.091970506347	1	1	16	91	2
19.3242224075882	1	1	0	91	3
18.3509334085809	1	1	4	91	3
18.1762178143567	1	1	8	91	3
16.5851489873566	1	1	16	91	3
16.4988722356726	1	1	0	91	4
18.0634109315446	1	1	4	91	4
15.1826507434011	1	1	8	91	4
13.7580248549649	1	1	16	91	4
11.6683410979231	1	1	0	91	5
9.16700959903988	1	1	4	91	5
10.2915736011256	1	1	8	91	5
7.90026431656152	1	1	16	91	5
17.0367425929212	1	1	0	91	6
15.1495624057676	1	1	4	91	6
15.3481579941041	1	1	8	91	6
13.4351343818076	1	1	16	91	6
10.025512715643	1	1	0	91	7
10.9705166814955	1	1	4	91	7
6.29442453954936	1	1	8	91	7
6.731670704122	1	1	16	91	7
19.426705320682	1	1	0	91	8
16.7743248765865	1	1	4	91	8
16.5161993404568	1	1	8	91	8
14.1699193016684	1	1	16	91	8
11.9042667666173	1	1	0	92	1
11.1349300648858	1	1	4	92	1
10.9345401508504	1	1	8	92	1
9.05668239852437	1	1	16	92	1
18.7934925474813	1	1	0	92	2
17.8936747234558	1	1	4	92	2
17.7132941422265	1	1	8	92	2
18.2311691618201	1	1	16	92	2
19.9652793948733	1	1	0	92	3
19.5687161457673	1	1	4	92	3
16.9915465791301	1	1	8	92	3
15.0670900689635	1	1	16	92	3
16.336194829851	1	1	0	92	4
16.9852633287793	1	1	4	92	4
18.3584435312791	1	1	8	92	4
14.0217784160619	1	1	16	92	4
12.3530930822442	1	1	0	92	5
9.07886309608913	1	1	4	92	5
8.81109705116957	1	1	8	92	5
7.49423357321711	1	1	16	92	5
16.5766005580012	1	1	0	92	6
14.1061273924495	1	1	4	92	6
13.3883001660353	1	1	8	92	6
13.3885377222023	1	1	16	92	6
11.2996907844625	1	1	0	92	7
9.22847552535154	1	1	4	92	7
8.29613346632857	1	1	8	92	7
6.96275688363741	1	1	16	92	7
17.6488045045684	1	1	0	92	8
16.220133041652	1	1	4	92	8
14.8205473255894	1	1	8	92	8
13.7329122386315	1	1	16	92	8
12.3222090815877	1	1	0	93	1
12.4624630161425	1	1	4	93	1
10.7745408266741	1	1	8	93	1
7.17152718986194	1	1	16	93	1
19.164688705069	1	1	0	93	2
18.6183998662256	1	1	4	93	2
17.819892892711	1	1	8	93	2
15.1685057815042	1	1	16	93	2
19.046845858013	1	1	0	93	3
18.8394979978291	1	1	4	93	3
17.1090717305282	1	1	8	93	3
15.7367710880261	1	1	16	93	3
19.2016381957376	1	1	0	93	4
17.4543546267128	1	1	4	93	4
17.5904160598355	1	1	8	93	4
15.3524270753316	1	1	16	93	4
10.0154229273377	1	1	0	93	5
9.50645462703709	1	1	4	93	5
9.63816479397255	1	1	8	93	5
7.54776924358941	1	1	16	93	5
16.3242285002965	1	1	0	93	6
13.2418873691971	1	1	4	93	6
14.236522799208	1	1	8	93	6
12.6008735802713	1	1	16	93	6
8.2980676123048	1	1	0	93	7
6.64727178068783	1	1	4	93	7
10.3445476961497	1	1	8	93	7
8.45630710717527	1	1	16	93	7
17.3942703559718	1	1	0	93	8
17.6960940080286	1	1	4	93	8
17.5412837067258	1	1	8	93	8
14.4664917965516	1	1	16	93	8
11.7361232887054	1	1	0	94	1
10.3621432493448	1	1	4	94	1
11.2223072152446	1	1	8	94	1
9.77486329343247	1	1	16	94	1
19.7402982713978	1	1	0	94	2
19.5331892339138	1	1	4	94	2
16.9343405933271	1	1	8	94	2
17.3684404472508	1	1	16	94	2
16.9246511116634	1	1	0	94	3
17.2124711379143	1	1	4	94	3
15.9231302229342	1	1	8	94	3
15.1356036873229	1	1	16	94	3
15.3691965332261	1	1	0	94	4
17.0135408228483	1	1	4	94	4
15.3788057924712	1	1	8	94	4
11.652024135333	1	1	16	94	4
9.25266270073846	1	1	0	94	5
8.70926990361061	1	1	4	94	5
8.94044206650115	1	1	8	94	5
6.63940085671737	1	1	16	94	5
14.777174670443	1	1	0	94	6
14.0184417930293	1	1	4	94	6
11.7637121700385	1	1	8	94	6
10.7706172393872	1	1	16	94	6
8.47838044007776	1	1	0	94	7
7.44363951176641	1	1	4	94	7
5.62191504988035	1	1	8	94	7
5.5158861025204	1	1	16	94	7
17.7467036070969	1	1	0	94	8
15.2720244882961	1	1	4	94	8
13.3934612432359	1	1	8	94	8
9.8767872987356	1	1	16	94	8
14.3009834313684	1	1	0	95	1
11.4536897627264	1	1	4	95	1
10.7311615243802	1	1	8	95	1
8.30640866744048	1	1	16	95	1
21.9830466103914	1	1	0	95	2
19.0612535994546	1	1	4	95	2
17.5387076543123	1	1	8	95	2
15.9988797410004	1	1	16	95	2
18.4537076983317	1	1	0	95	3
19.8490559398102	1	1	4	95	3
17.8986342931561	1	1	8	95	3
16.31478933919	1	1	16	95	3
19.8183513285729	1	1	0	95	4
17.1164396922835	1	1	4	95	4
18.0542048484532	1	1	8	95	4
14.0675979373728	1	1	16	95	4
11.1057059450399	1	1	0	95	5
10.4235959206301	1	1	4	95	5
7.97244197598113	1	1	8	95	5
7.97386642849258	1	1	16	95	5
16.4840869305576	1	1	0	95	6
16.2300495748902	1	1	4	95	6
15.3037837195587	1	1	8	95	6
13.5141866020272	1	1	16	95	6
9.28170302520624	1	1	0	95	7
7.13210562417975	1	1	4	95	7
8.16071092313695	1	1	8	95	7
5.14534558706814	1	1	16	95	7
17.5648746462572	1	1	0	95	8
15.2860656307611	1	1	4	95	8
16.7554421994785	1	1	8	95	8
15.1522725727863	1	1	16	95	8
14.2994917148417	1	1	0	96	1
13.8055735683007	1	1	4	96	1
12.3479038504493	1	1	8	96	1
10.3534471136056	1	1	16	96	1
19.9601818260303	1	1	0	96	2
20.7689051072103	1	1	4	96	2
18.5062081745081	1	1	8	96	2
17.4624010670373	1	1	16	96	2
18.9249136359762	1	1	0	96	3
18.3001945188713	1	1	4	96	3
18.8064367335888	1	1	8	96	3
16.2801131189107	1	1	16	96	3
19.2917650084616	1	1	0	96	4
17.9877491637672	1	1	4	96	4
17.6586259898141	1	1	8	96	4
16.8945265311145	1	1	16	96	4
10.0230357703726	1	1	0	96	5
11.6704239383863	1	1	4	96	5
8.67532794689743	1	1	8	96	5
9.19495508366185	1	1	16	96	5
15.347759085299	1	1	0	96	6
14.7094515044421	1	1	4	96	6
14.1941672594527	1	1	8	96	6
13.50591104134	1	1	16	96	6
9.17301378959035	1	1	0	96	7
10.0835256217203	1	1	4	96	7
9.28493758814924	1	1	8	96	7
7.44466213850179	1	1	16	96	7
18.4733420908979	1	1	0	96	8
17.8380504882784	1	1	4	96	8
15.4487582880842	1	1	8	96	8
15.2346268501692	1	1	16	96	8
14.6695163107835	1	1	0	97	1
14.6323572174796	1	1	4	97	1
10.6096963506819	1	1	8	97	1
11.0889486694365	1	1	16	97	1
21.0810149935685	1	1	0	97	2
18.271981763145	1	1	4	97	2
19.7541113951103	1	1	8	97	2
18.7340227245974	1	1	16	97	2
20.8284512234037	1	1	0	97	3
20.7183502287818	1	1	4	97	3
17.2075111948574	1	1	8	97	3
15.820670707764	1	1	16	97	3
19.3409305870643	1	1	0	97	4
16.4500676350176	1	1	4	97	4
16.7816002598121	1	1	8	97	4
16.5133195938163	1	1	16	97	4
13.0126136603483	1	1	0	97	5
9.71305419987225	1	1	4	97	5
11.2456254224302	1	1	8	97	5
7.69094260124464	1	1	16	97	5
16.6518632313773	1	1	0	97	6
16.1023062253552	1	1	4	97	6
14.3217442846663	1	1	8	97	6
13.3324141567145	1	1	16	97	6
11.0022457222249	1	1	0	97	7
9.52467861366202	1	1	4	97	7
10.8547877124492	1	1	8	97	7
7.71503378192869	1	1	16	97	7
18.6952147281521	1	1	0	97	8
16.1277387903475	1	1	4	97	8
17.926113983311	1	1	8	97	8
13.2230341056162	1	1	16	97	8
13.1364089353253	1	1	0	98	1
11.3761918853693	1	1	4	98	1
10.5089113053147	1	1	8	98	1
6.47882084033055	1	1	16	98	1
18.6597502144856	1	1	0	98	2
18.2786451990303	1	1	4	98	2
17.8286403057497	1	1	8	98	2
14.7837828228515	1	1	16	98	2
19.2999369474731	1	1	0	98	3
16.7457472740321	1	1	4	98	3
16.1696134523726	1	1	8	98	3
15.6915886309252	1	1	16	98	3
17.413315847366	1	1	0	98	4
17.8086410932157	1	1	4	98	4
14.7836628435514	1	1	8	98	4
13.698284624109	1	1	16	98	4
10.1482932578638	1	1	0	98	5
8.76346595336437	1	1	4	98	5
6.52412978695153	1	1	8	98	5
6.78039328970329	1	1	16	98	5
14.2169618743265	1	1	0	98	6
12.9836199534095	1	1	4	98	6
13.5562158488054	1	1	8	98	6
12.4070535865244	1	1	16	98	6
8.30307782801971	1	1	0	98	7
6.16240170954654	1	1	4	98	7
9.43518243822021	1	1	8	98	7
5.49735575959484	1	1	16	98	7
17.6491572045858	1	1	0	98	8
14.7581559266161	1	1	4	98	8
15.6831326381528	1	1	8	98	8
13.2240324828982	1	1	16	98	8
11.2861957487477	1	1	0	99	1
10.9242052463472	1	1	4	99	1
11.8078456146963	1	1	8	99	1
8.26189124898569	1	1	16	99	1
17.1068191787836	1	1	0	99	2
17.7939412565971	1	1	4	99	2
17.5936989916267	1	1	8	99	2
16.7411406809938	1	1	16	99	2
18.9413952819772	1	1	0	99	3
15.0574863294349	1	1	4	99	3
16.546793717449	1	1	8	99	3
13.4851714024271	1	1	16	99	3
17.7246747684709	1	1	0	99	4
17.5142902102629	1	1	4	99	4
15.0733011205103	1	1	8	99	4
13.8953850106777	1	1	16	99	4
7.99341466429366	1	1	0	99	5
10.0486528498917	1	1	4	99	5
7.77964346033938	1	1	8	99	5
7.11530897866934	1	1	16	99	5
15.4323352112036	1	1	0	99	6
13.1837617176521	1	1	4	99	6
13.9129055078093	1	1	8	99	6
11.9312672573989	1	1	16	99	6
8.05785282663332	1	1	0	99	7
6.97836319343205	1	1	4	99	7
8.56710414957276	1	1	8	99	7
5.89685896310014	1	1	16	99	7
17.0725509414722	1	1	0	99	8
15.7652168342837	1	1	4	99	8
16.2493872984074	1	1	8	99	8
14.0488205648962	1	1	16	99	8
11.0547993829058	1	1	0	100	1
9.47476594635693	1	1	4	100	1
9.26196189015014	1	1	8	100	1
9.37148998104572	1	1	16	100	1
18.366002721834	1	1	0	100	2
18.7000040903538	1	1	4	100	2
15.3289189381628	1	1	8	100	2
16.1416636911345	1	1	16	100	2
18.5714696009971	1	1	0	100	3
17.5396740018462	1	1	4	100	3
15.5522426926122	1	1	8	100	3
14.2300565005696	1	1	16	100	3
15.6034056840098	1	1	0	100	4
15.4129484481673	1	1	4	100	4
15.4861447007835	1	1	8	100	4
13.3396127332667	1	1	16	100	4
9.65340951338291	1	1	0	100	5
7.20904390245525	1	1	4	100	5
7.56526256106871	1	1	8	100	5
6.45751286121395	1	1	16	100	5
13.3405037855385	1	1	0	100	6
12.9899834153134	1	1	4	100	6
11.8807985974221	1	1	8	100	6
11.3775131352648	1	1	16	100	6
7.40218254676344	1	1	0	100	7
5.85225927008099	1	1	4	100	7
6.51547996768356	1	1	8	100	7
4.81491539717939	1	1	16	100	7
14.8880457187469	1	1	0	100	8
13.7931407396786	1	1	4	100	8
15.8786095470099	1	1	8	100	8
12.7544828840574	1	1	16	100	8
